,times
16.0,0.15150158405303954
32.0,0.08032732009887696
48.0,0.05672922134399414
64.0,0.04478342533111572
80.0,0.03769617080688477
96.0,0.03298399448394775
112.0,0.02964792251586914
128.0,0.026995158195495604
144.0,0.025044345855712892
160.0,0.023490428924560547
176.0,0.022191858291625975
192.0,0.021006965637207033
208.0,0.020081639289855957
224.0,0.019388604164123534
240.0,0.018696522712707518
256.0,0.018005800247192384
272.0,0.017602872848510743
288.0,0.017032575607299805
304.0,0.016657710075378418
320.0,0.01640193462371826
336.0,0.015930843353271485
352.0,0.015812277793884277
368.0,0.015532398223876953
384.0,0.015205764770507812
400.0,0.015249180793762206
416.0,0.015084123611450196
432.0,0.01667330265045166
448.0,0.01600346565246582
464.0,0.014434289932250977
480.0,0.013971471786499023
496.0,0.013873600959777832
512.0,0.013546490669250488
528.0,0.018810081481933593
544.0,0.01848132610321045
560.0,0.01816415786743164
576.0,0.017798733711242676
592.0,0.0174605131149292
608.0,0.01715989112854004
624.0,0.017160201072692872
640.0,0.016800737380981444
656.0,0.016556572914123536
672.0,0.016876721382141115
688.0,0.017183327674865724
704.0,0.01790149211883545
720.0,0.017718195915222168
736.0,0.016256999969482423
752.0,0.015516996383666992
768.0,0.015596413612365722
784.0,0.015271401405334473
800.0,0.015346074104309082
816.0,0.017024588584899903
832.0,0.014988088607788086
848.0,0.014915919303894043
864.0,0.014532685279846191
880.0,0.01451859474182129
896.0,0.014536380767822266
912.0,0.014224410057067871
928.0,0.014306998252868653
944.0,0.014246082305908203
960.0,0.014202165603637695
976.0,0.013960671424865723
992.0,0.013983941078186036
1008.0,0.01395881175994873
1024.0,0.013622617721557618
1040.0,0.016171526908874512
1056.0,0.01616232395172119
1072.0,0.016043758392333983
1088.0,0.016017699241638185
1104.0,0.015708041191101075
1120.0,0.015719032287597655
1136.0,0.015476393699645995
1152.0,0.015491437911987305
1168.0,0.015514039993286132
1184.0,0.015235400199890137
1200.0,0.01519615650177002
1216.0,0.01518237590789795
1232.0,0.015101933479309082
1248.0,0.015112066268920898
1264.0,0.015031719207763672
1280.0,0.01474144458770752
1296.0,0.014722490310668945
1312.0,0.014677071571350097
1328.0,0.014506363868713379
1344.0,0.014511036872863769
1360.0,0.01448667049407959
1376.0,0.01432020664215088
1392.0,0.014340496063232422
1408.0,0.014172816276550293
1424.0,0.01418604850769043
1440.0,0.014186716079711914
1456.0,0.014025497436523437
1472.0,0.014002561569213867
1488.0,0.014021754264831543
1504.0,0.013842439651489258
1520.0,0.01386559009552002
1536.0,0.013795709609985352
1552.0,0.015577316284179688
1568.0,0.015546298027038575
1584.0,0.015561676025390625
1600.0,0.01539309024810791
1616.0,0.015376925468444824
1632.0,0.015386390686035156
1648.0,0.015186786651611328
1664.0,0.014998102188110351
1680.0,0.01504843235015869
1696.0,0.014976763725280761
1712.0,0.01482374668121338
1728.0,0.014852356910705567
1744.0,0.014826059341430664
1760.0,0.01481165885925293
1776.0,0.014694833755493164
1792.0,0.01470808982849121
1808.0,0.014686322212219239
1824.0,0.014520859718322754
1840.0,0.014517402648925782
1856.0,0.014488148689270019
1872.0,0.014518952369689942
1888.0,0.014487147331237793
1904.0,0.014356613159179688
1920.0,0.014202737808227539
1936.0,0.014249467849731445
1952.0,0.014198207855224609
1968.0,0.014235806465148926
1984.0,0.014074492454528808
2000.0,0.01412661075592041
2016.0,0.014205455780029297
2032.0,0.014135456085205078
2048.0,0.013918876647949219
2064.0,0.015252399444580077
2080.0,0.015254688262939454
2096.0,0.015411829948425293
2112.0,0.01802363395690918
2128.0,0.015810203552246094
2144.0,0.01797506809234619
2160.0,0.017002582550048828
2176.0,0.015155911445617676
2192.0,0.015731000900268556
2208.0,0.015138053894042968
2224.0,0.014856481552124023
2240.0,0.014905548095703125
2256.0,0.014991450309753417
2272.0,0.014720797538757324
2288.0,0.014908957481384277
2304.0,0.014719867706298828
2320.0,0.01467130184173584
2336.0,0.014706563949584962
2352.0,0.014623022079467774
2368.0,0.014526176452636718
2384.0,0.014539265632629394
2400.0,0.014487171173095703
2416.0,0.014403796195983887
2432.0,0.01745874881744385
2448.0,0.018256330490112306
2464.0,0.014788579940795899
2480.0,0.014440059661865234
2496.0,0.01450035572052002
2512.0,0.0143690824508667
2528.0,0.014330410957336425
2544.0,0.014350223541259765
2560.0,0.01408092975616455
2576.0,0.015441393852233887
2592.0,0.01566011905670166
2608.0,0.01546010971069336
2624.0,0.016257715225219727
2640.0,0.015215063095092773
2656.0,0.015171265602111817
2672.0,0.01526799201965332
2688.0,0.015191388130187989
2704.0,0.01568002700805664
2720.0,0.015146374702453613
2736.0,0.014850258827209473
2752.0,0.015340542793273926
2768.0,0.016423964500427247
2784.0,0.01502840518951416
2800.0,0.014893364906311036
2816.0,0.014906477928161622
2832.0,0.014924883842468262
2848.0,0.015053009986877442
2864.0,0.014861345291137695
2880.0,0.014634180068969726
2896.0,0.014591455459594727
2912.0,0.015014147758483887
2928.0,0.014800167083740235
2944.0,0.01453087329864502
2960.0,0.01501460075378418
2976.0,0.015457439422607421
2992.0,0.014531540870666503
3008.0,0.014486265182495118
3024.0,0.014548373222351075
3040.0,0.014516973495483398
3056.0,0.014522266387939454
3072.0,0.014355015754699708
3088.0,0.01517481803894043
3104.0,0.015190362930297852
3120.0,0.015470242500305176
3136.0,0.015281295776367188
3152.0,0.015198898315429688
3168.0,0.01544954776763916
3184.0,0.015046191215515137
3200.0,0.015047669410705566
3216.0,0.01530470848083496
3232.0,0.015039825439453125
3248.0,0.01500701904296875
3264.0,0.015216541290283204
3280.0,0.014877963066101074
3296.0,0.014870572090148925
3312.0,0.01510920524597168
3328.0,0.014710688591003418
3344.0,0.01475520133972168
3360.0,0.014712643623352051
3376.0,0.014744210243225097
3392.0,0.014735150337219238
3408.0,0.014740824699401855
3424.0,0.014805483818054199
3440.0,0.014710021018981934
3456.0,0.0145768404006958
3472.0,0.01463615894317627
3488.0,0.014762568473815917
3504.0,0.014553308486938477
3520.0,0.014690589904785157
3536.0,0.014554738998413086
3552.0,0.014546608924865723
3568.0,0.014551091194152831
3584.0,0.014350628852844239
3600.0,0.015266060829162598
3616.0,0.015532088279724122
3632.0,0.015232157707214356
3648.0,0.015231561660766602
3664.0,0.01540517807006836
3680.0,0.015236878395080566
3696.0,0.015234041213989257
3712.0,0.015143108367919923
3728.0,0.015101790428161621
3744.0,0.015073919296264648
3760.0,0.01509401798248291
3776.0,0.015076708793640137
3792.0,0.015126919746398926
3808.0,0.015109443664550781
3824.0,0.015198564529418946
3840.0,0.014965176582336426
3856.0,0.015179324150085449
3872.0,0.014939475059509277
3888.0,0.014994263648986816
3904.0,0.014924764633178711
3920.0,0.014952707290649413
3936.0,0.014922904968261718
3952.0,0.01504824161529541
3968.0,0.014751935005187988
3984.0,0.014856076240539551
4000.0,0.014769983291625977
4016.0,0.014749765396118164
4032.0,0.014762783050537109
4048.0,0.014769530296325684
4064.0,0.014760065078735351
4080.0,0.014786481857299805
4096.0,0.01458597183227539
4112.0,0.015165305137634278
4128.0,0.015197968482971192
4144.0,0.015163469314575195
4160.0,0.01517190933227539
4176.0,0.015208768844604491
4192.0,0.015190649032592773
4208.0,0.015179204940795898
4224.0,0.015229606628417968
4240.0,0.015228533744812011
4256.0,0.01517632007598877
4272.0,0.015078234672546386
4288.0,0.015022921562194824
4304.0,0.015109086036682129
4320.0,0.015281748771667481
4336.0,0.015036988258361816
4352.0,0.015138459205627442
4368.0,0.015076875686645508
4384.0,0.015019655227661133
4400.0,0.015018415451049805
4416.0,0.01504666805267334
4432.0,0.01516580581665039
4448.0,0.015198302268981934
4464.0,0.015135645866394043
4480.0,0.014843463897705078
4496.0,0.014899587631225586
4512.0,0.01495661735534668
4528.0,0.014856505393981933
4544.0,0.015032625198364258
4560.0,0.014877891540527344
4576.0,0.01485128402709961
4592.0,0.014968633651733398
4608.0,0.014682388305664063
4624.0,0.015724730491638184
4640.0,0.015849757194519042
4656.0,0.015694355964660643
4672.0,0.01572132110595703
4688.0,0.015712952613830565
4704.0,0.01572849750518799
4720.0,0.015713834762573244
4736.0,0.015831756591796874
4752.0,0.01583116054534912
4768.0,0.015820908546447753
4784.0,0.015452003479003907
4800.0,0.015400886535644531
4816.0,0.01550450325012207
4832.0,0.015755248069763184
4848.0,0.015375375747680664
4864.0,0.015574240684509277
4880.0,0.015418338775634765
4896.0,0.015476179122924805
4912.0,0.015519857406616211
4928.0,0.015561938285827637
4944.0,0.015439033508300781
4960.0,0.015654659271240233
4976.0,0.015458250045776367
4992.0,0.015381693840026855
5008.0,0.016629695892333984
5024.0,0.01738119125366211
5040.0,0.017895722389221193
5056.0,0.0156710147857666
5072.0,0.015405774116516113
5088.0,0.015355229377746582
5104.0,0.015363955497741699
5120.0,0.015069222450256348
5136.0,0.015721988677978516
5152.0,0.015753960609436034
5168.0,0.01573319435119629
5184.0,0.01569812297821045
5200.0,0.017618489265441895
5216.0,0.017096495628356932
5232.0,0.015725541114807128
5248.0,0.0161592960357666
5264.0,0.015699148178100586
5280.0,0.015719103813171386
5296.0,0.017696070671081542
5312.0,0.015667653083801268
5328.0,0.01644566059112549
5344.0,0.015559649467468262
5360.0,0.015561890602111817
5376.0,0.01608150005340576
5392.0,0.01576204299926758
5408.0,0.015569567680358887
5424.0,0.01587047576904297
5440.0,0.01558539867401123
5456.0,0.01554713249206543
5472.0,0.015506887435913086
5488.0,0.01595761775970459
5504.0,0.016797685623168947
5520.0,0.016260457038879395
5536.0,0.01565282344818115
5552.0,0.015535259246826172
5568.0,0.015510654449462891
5584.0,0.015380048751831054
5600.0,0.015339374542236328
5616.0,0.015508413314819336
5632.0,0.015205097198486329
5648.0,0.015629911422729494
5664.0,0.015526914596557617
5680.0,0.015495514869689942
5696.0,0.015610694885253906
5712.0,0.015558338165283203
5728.0,0.015527296066284179
5744.0,0.015744924545288086
5760.0,0.015556764602661134
5776.0,0.01657447814941406
5792.0,0.016202926635742188
5808.0,0.015585231781005859
5824.0,0.015548181533813477
5840.0,0.015659141540527343
5856.0,0.015549182891845703
5872.0,0.015579628944396972
5888.0,0.015573406219482422
5904.0,0.017415618896484374
5920.0,0.016223883628845213
5936.0,0.020458126068115236
5952.0,0.017647910118103027
5968.0,0.02008647918701172
5984.0,0.015924739837646484
6000.0,0.015523767471313477
6016.0,0.01545407772064209
6032.0,0.01595909595489502
6048.0,0.016880488395690917
6064.0,0.016474604606628418
6080.0,0.01585714817047119
6096.0,0.015715765953063964
6112.0,0.015555119514465332
6128.0,0.01639988422393799
6144.0,0.015265560150146485
6160.0,0.01698119640350342
6176.0,0.016920089721679688
6192.0,0.017370176315307618
6208.0,0.016759634017944336
6224.0,0.016807961463928222
6240.0,0.017191290855407715
6256.0,0.01667311191558838
6272.0,0.016740965843200683
6288.0,0.016984176635742188
6304.0,0.017442655563354493
6320.0,0.016828632354736327
6336.0,0.016697263717651366
6352.0,0.016997361183166505
6368.0,0.018503785133361816
6384.0,0.01732926368713379
6400.0,0.016680526733398437
6416.0,0.01676619052886963
6432.0,0.01655240058898926
6448.0,0.016655659675598143
6464.0,0.01668887138366699
6480.0,0.016666746139526366
6496.0,0.016968727111816406
6512.0,0.01774287223815918
6528.0,0.016963887214660644
6544.0,0.017002415657043458
6560.0,0.017277073860168458
6576.0,0.016658258438110352
6592.0,0.016681909561157227
6608.0,0.01719202995300293
6624.0,0.018354153633117674
6640.0,0.018198132514953613
6656.0,0.023598241806030273
6672.0,0.02280895709991455
6688.0,0.021354079246520996
6704.0,0.016916775703430177
6720.0,0.016714000701904298
6736.0,0.01674072742462158
6752.0,0.016585707664489746
6768.0,0.01651270389556885
6784.0,0.016834235191345213
6800.0,0.01646997928619385
6816.0,0.016428494453430177
6832.0,0.016739082336425782
6848.0,0.016442346572875976
6864.0,0.016475439071655273
6880.0,0.01646742820739746
6896.0,0.01653287410736084
6912.0,0.01652379035949707
6928.0,0.016448235511779784
6944.0,0.016438627243041994
6960.0,0.01654210090637207
6976.0,0.016475725173950195
6992.0,0.01647634506225586
7008.0,0.016490364074707033
7024.0,0.016489315032958984
7040.0,0.016436386108398437
7056.0,0.016600990295410158
7072.0,0.01644399166107178
7088.0,0.016518449783325194
7104.0,0.016428470611572266
7120.0,0.01701078414916992
7136.0,0.01753675937652588
7152.0,0.016864848136901856
7168.0,0.016260051727294923
7184.0,0.016791749000549316
7200.0,0.016463041305541992
7216.0,0.016780877113342287
7232.0,0.01648075580596924
7248.0,0.016498541831970213
7264.0,0.016468167304992676
7280.0,0.01642894744873047
7296.0,0.016475200653076172
7312.0,0.01651785373687744
7328.0,0.016448044776916505
7344.0,0.016477251052856447
7360.0,0.01709749698638916
7376.0,0.01673247814178467
7392.0,0.018314003944396973
7408.0,0.017618274688720702
7424.0,0.016292786598205565
7440.0,0.01692643165588379
7456.0,0.016419005393981934
7472.0,0.016591143608093262
7488.0,0.017894339561462403
7504.0,0.01648058891296387
7520.0,0.016311168670654297
7536.0,0.016832876205444335
7552.0,0.016291165351867677
7568.0,0.01648132801055908
7584.0,0.016497111320495604
7600.0,0.016902947425842287
7616.0,0.016866517066955567
7632.0,0.016275739669799803
7648.0,0.01725935935974121
7664.0,0.0168658971786499
7680.0,0.016214776039123534
7696.0,0.01663517951965332
7712.0,0.017020177841186524
7728.0,0.016676044464111327
7744.0,0.016892623901367188
7760.0,0.01662135124206543
7776.0,0.016624879837036134
7792.0,0.016821694374084473
7808.0,0.016582226753234862
7824.0,0.01669576168060303
7840.0,0.01684587001800537
7856.0,0.01710982322692871
7872.0,0.016929125785827635
7888.0,0.016603827476501465
7904.0,0.016692638397216797
7920.0,0.017619109153747557
7936.0,0.017087435722351073
7952.0,0.016490817070007324
7968.0,0.017065930366516113
7984.0,0.01655280590057373
8000.0,0.016442537307739258
8016.0,0.017830824851989745
8032.0,0.01692631244659424
8048.0,0.01679120063781738
8064.0,0.016740703582763673
8080.0,0.016511297225952147
8096.0,0.016613864898681642
8112.0,0.016566824913024903
8128.0,0.01654231548309326
8144.0,0.016488099098205568
8160.0,0.01643853187561035
8176.0,0.016495418548583985
8192.0,0.016134881973266603
8208.0,0.016599631309509276
8224.0,0.016533660888671874
8240.0,0.016652512550354003
8256.0,0.016627573966979982
8272.0,0.016526317596435545
8288.0,0.016518139839172365
8304.0,0.01678755283355713
8320.0,0.017341113090515135
8336.0,0.016773557662963866
8352.0,0.017118048667907716
8368.0,0.01680123805999756
8384.0,0.019488954544067384
8400.0,0.017194962501525878
8416.0,0.016799187660217284
8432.0,0.01682274341583252
8448.0,0.01664285659790039
8464.0,0.016855239868164062
8480.0,0.016652226448059082
8496.0,0.016634535789489747
8512.0,0.01659867763519287
8528.0,0.016593790054321288
8544.0,0.016586613655090333
8560.0,0.01661376953125
8576.0,0.01659271717071533
8592.0,0.016648697853088378
8608.0,0.018770885467529298
8624.0,0.017066764831542968
8640.0,0.01681826114654541
8656.0,0.017245149612426756
8672.0,0.01672379970550537
8688.0,0.01689291000366211
8704.0,0.01691896915435791
8720.0,0.01663978099822998
8736.0,0.018050479888916015
8752.0,0.018418025970458985
8768.0,0.01664843559265137
8784.0,0.017400264739990234
8800.0,0.01782221794128418
8816.0,0.01800704002380371
8832.0,0.016776657104492186
8848.0,0.01690516471862793
8864.0,0.01681358814239502
8880.0,0.016636967658996582
8896.0,0.01665492057800293
8912.0,0.016687464714050294
8928.0,0.019472575187683104
8944.0,0.02000150680541992
8960.0,0.01673586368560791
8976.0,0.016847562789916993
8992.0,0.016865110397338866
9008.0,0.016648459434509277
9024.0,0.016812896728515624
9040.0,0.01687474250793457
9056.0,0.01683979034423828
9072.0,0.016753315925598145
9088.0,0.016573476791381835
9104.0,0.016566133499145506
9120.0,0.016804838180541994
9136.0,0.016560792922973633
9152.0,0.017558813095092773
9168.0,0.018370985984802246
9184.0,0.017758607864379883
9200.0,0.017238807678222657
9216.0,0.01630847454071045
9232.0,0.020408129692077635
9248.0,0.021148085594177246
9264.0,0.02006375789642334
9280.0,0.019922637939453126
9296.0,0.01972661018371582
9312.0,0.02014751434326172
9328.0,0.019938039779663085
9344.0,0.02017786502838135
9360.0,0.019867372512817384
9376.0,0.019714927673339842
9392.0,0.019707655906677245
9408.0,0.019736766815185547
9424.0,0.019713878631591797
9440.0,0.019717764854431153
9456.0,0.019716548919677734
9472.0,0.019729924201965333
9488.0,0.019705319404602052
9504.0,0.019748544692993163
9520.0,0.019707512855529786
9536.0,0.019778728485107422
9552.0,0.01970818042755127
9568.0,0.019788956642150878
9584.0,0.019719028472900392
9600.0,0.019717931747436523
9616.0,0.0197451114654541
9632.0,0.019719147682189943
9648.0,0.019814467430114745
9664.0,0.019710588455200195
9680.0,0.019747424125671386
9696.0,0.019704794883728026
9712.0,0.01970546245574951
9728.0,0.01972537040710449
9744.0,0.01967618465423584
9760.0,0.0197202205657959
9776.0,0.019656991958618163
9792.0,0.01972954273223877
9808.0,0.01965360641479492
9824.0,0.019671082496643066
9840.0,0.019670987129211427
9856.0,0.01974785327911377
9872.0,0.019881653785705566
9888.0,0.019748592376708986
9904.0,0.019956040382385253
9920.0,0.019679832458496093
9936.0,0.019727110862731934
9952.0,0.01976449489593506
9968.0,0.019677186012268068
9984.0,0.02018449306488037
10000.0,0.022540831565856935
10016.0,0.020120906829833984
10032.0,0.019870352745056153
10048.0,0.019989800453186036
10064.0,0.01966536045074463
10080.0,0.019955015182495116
10096.0,0.019989871978759767
10112.0,0.023472023010253907
10128.0,0.02004265785217285
10144.0,0.020057940483093263
10160.0,0.02041914463043213
10176.0,0.019676995277404786
10192.0,0.020622658729553222
10208.0,0.019709134101867677
10224.0,0.019701552391052247
10240.0,0.02062671184539795
10256.0,0.025593066215515138
10272.0,0.02029266357421875
10288.0,0.02007935047149658
10304.0,0.020402693748474122
10320.0,0.019881129264831543
10336.0,0.020178723335266113
10352.0,0.01981360912322998
10368.0,0.019803667068481447
10384.0,0.019870662689208986
10400.0,0.019787025451660157
10416.0,0.019897961616516115
10432.0,0.019781661033630372
10448.0,0.019880461692810058
10464.0,0.019777250289916993
10480.0,0.019787812232971193
10496.0,0.019837355613708495
10512.0,0.01979219913482666
10528.0,0.019777441024780275
10544.0,0.019830989837646484
10560.0,0.019779300689697264
10576.0,0.019791221618652342
10592.0,0.020134639739990235
10608.0,0.019811797142028808
10624.0,0.019800138473510743
10640.0,0.01981320381164551
10656.0,0.019793319702148437
10672.0,0.020121312141418456
10688.0,0.019794464111328125
10704.0,0.01985161304473877
10720.0,0.019797921180725098
10736.0,0.019792389869689942
10752.0,0.019815492630004882
10768.0,0.019771623611450195
10784.0,0.01984744071960449
10800.0,0.019789791107177733
10816.0,0.019970798492431642
10832.0,0.019761037826538087
10848.0,0.020056891441345214
10864.0,0.01977076530456543
10880.0,0.019837117195129393
10896.0,0.019957566261291505
10912.0,0.020051288604736327
10928.0,0.02019472122192383
10944.0,0.019900035858154298
10960.0,0.021784329414367677
10976.0,0.020711898803710938
10992.0,0.025144124031066896
11008.0,0.024263381958007812
11024.0,0.026648426055908205
11040.0,0.023488426208496095
11056.0,0.025556564331054688
11072.0,0.026398777961730957
11088.0,0.02290182113647461
11104.0,0.02397441864013672
11120.0,0.020118403434753417
11136.0,0.020011305809020996
11152.0,0.020168709754943847
11168.0,0.020205235481262206
11184.0,0.020276832580566406
11200.0,0.019820761680603028
11216.0,0.020189881324768066
11232.0,0.020060181617736816
11248.0,0.020764088630676268
11264.0,0.020486211776733397
11280.0,0.019745564460754393
11296.0,0.02001943588256836
11312.0,0.0199068546295166
11328.0,0.01994931697845459
11344.0,0.019834327697753906
11360.0,0.019831514358520506
11376.0,0.02143399715423584
11392.0,0.020355868339538574
11408.0,0.020110249519348145
11424.0,0.02009739875793457
11440.0,0.02014944553375244
11456.0,0.021793651580810546
11472.0,0.019982075691223143
11488.0,0.01986839771270752
11504.0,0.020012617111206055
11520.0,0.019943618774414064
11536.0,0.021221351623535157
11552.0,0.02068960666656494
11568.0,0.019777917861938478
11584.0,0.020151138305664062
11600.0,0.020105862617492677
11616.0,0.019830918312072753
11632.0,0.01987025737762451
11648.0,0.019744467735290528
11664.0,0.01975669860839844
11680.0,0.01988811492919922
11696.0,0.019933247566223146
11712.0,0.019826412200927734
11728.0,0.019806814193725587
11744.0,0.019922828674316405
11760.0,0.019912004470825195
11776.0,0.019838380813598632
11792.0,0.020168566703796388
11808.0,0.020384573936462404
11824.0,0.02069125175476074
11840.0,0.020548200607299803
11856.0,0.02275846004486084
11872.0,0.020850396156311034
11888.0,0.020363497734069824
11904.0,0.019835782051086426
11920.0,0.019885706901550292
11936.0,0.01990354061126709
11952.0,0.019884395599365234
11968.0,0.02103581428527832
11984.0,0.019725966453552245
12000.0,0.02060253620147705
12016.0,0.01996181011199951
12032.0,0.01973714828491211
12048.0,0.019868683815002442
12064.0,0.01973545551300049
12080.0,0.02001512050628662
12096.0,0.019791889190673827
12112.0,0.01971464157104492
12128.0,0.019889187812805176
12144.0,0.01971607208251953
12160.0,0.019774103164672853
12176.0,0.01971418857574463
12192.0,0.020128393173217775
12208.0,0.0197390079498291
12224.0,0.019741129875183106
12240.0,0.020101046562194823
12256.0,0.01980292797088623
12272.0,0.019763708114624023
12288.0,0.02016921043395996
12304.0,0.020935845375061036
12320.0,0.023096394538879395
12336.0,0.020650744438171387
12352.0,0.021082592010498048
12368.0,0.020986151695251466
12384.0,0.020552825927734376
12400.0,0.021236133575439454
12416.0,0.021221113204956055
12432.0,0.020107460021972657
12448.0,0.020324349403381348
12464.0,0.020137214660644533
12480.0,0.020117831230163575
12496.0,0.020125150680541992
12512.0,0.020079684257507325
12528.0,0.02024400234222412
12544.0,0.020123052597045898
12560.0,0.02025601863861084
12576.0,0.020095038414001464
12592.0,0.02059667110443115
12608.0,0.020133423805236816
12624.0,0.020128369331359863
12640.0,0.020238208770751952
12656.0,0.020652246475219727
12672.0,0.020557355880737305
12688.0,0.02014307975769043
12704.0,0.020383238792419434
12720.0,0.020125460624694825
12736.0,0.02012922763824463
12752.0,0.020432496070861818
12768.0,0.020789957046508788
12784.0,0.020557737350463866
12800.0,0.02010006904602051
12816.0,0.020288753509521484
12832.0,0.02012474536895752
12848.0,0.020586943626403807
12864.0,0.020161819458007813
12880.0,0.020360732078552247
12896.0,0.02039313316345215
12912.0,0.021068978309631347
12928.0,0.02091536521911621
12944.0,0.020124268531799317
12960.0,0.02053067684173584
12976.0,0.020232415199279784
12992.0,0.02068908214569092
13008.0,0.021110796928405763
13024.0,0.0211467981338501
13040.0,0.020692896842956544
13056.0,0.021050119400024415
13072.0,0.020206356048583986
13088.0,0.020429539680480956
13104.0,0.020842313766479492
13120.0,0.020096826553344726
13136.0,0.020300698280334473
13152.0,0.020127749443054198
13168.0,0.02029891014099121
13184.0,0.020421528816223146
13200.0,0.02051548957824707
13216.0,0.02010955810546875
13232.0,0.02010223865509033
13248.0,0.02028839588165283
13264.0,0.020079278945922853
13280.0,0.020093417167663573
13296.0,0.020179271697998047
13312.0,0.020086050033569336
13328.0,0.020191502571105958
13344.0,0.02006399631500244
13360.0,0.020070815086364747
13376.0,0.020058917999267577
13392.0,0.020096850395202637
13408.0,0.02006409168243408
13424.0,0.020099639892578125
13440.0,0.020865368843078613
13456.0,0.021150970458984376
13472.0,0.020278620719909667
13488.0,0.02007758617401123
13504.0,0.02024080753326416
13520.0,0.020077610015869142
13536.0,0.020352101325988768
13552.0,0.02006363868713379
13568.0,0.024184012413024904
13584.0,0.020380115509033202
13600.0,0.020562338829040527
13616.0,0.02026674747467041
13632.0,0.020341324806213378
13648.0,0.02013380527496338
13664.0,0.0201871395111084
13680.0,0.02068948745727539
13696.0,0.021068429946899413
13712.0,0.0204669713973999
13728.0,0.020229792594909667
13744.0,0.021280527114868164
13760.0,0.02059891223907471
13776.0,0.02023441791534424
13792.0,0.020124340057373048
13808.0,0.02048320770263672
13824.0,0.020237159729003907
13840.0,0.020334911346435548
13856.0,0.020376157760620118
13872.0,0.020078206062316896
13888.0,0.02016017436981201
13904.0,0.020020103454589842
13920.0,0.020032835006713868
13936.0,0.020128536224365234
13952.0,0.020036840438842775
13968.0,0.020160675048828125
13984.0,0.020023083686828612
14000.0,0.02008199691772461
14016.0,0.020032000541687012
14032.0,0.02002558708190918
14048.0,0.02008676528930664
14064.0,0.020021653175354003
14080.0,0.020038437843322755
14096.0,0.020009493827819823
14112.0,0.020077967643737794
14128.0,0.02001018524169922
14144.0,0.02055988311767578
14160.0,0.020255637168884278
14176.0,0.020045876502990723
14192.0,0.020486950874328613
14208.0,0.020665502548217772
14224.0,0.02010328769683838
14240.0,0.02002537250518799
14256.0,0.020218706130981444
14272.0,0.021298933029174804
14288.0,0.020975399017333984
14304.0,0.02005312442779541
14320.0,0.020789098739624024
14336.0,0.020045948028564454
14352.0,0.022261333465576173
14368.0,0.02109527587890625
14384.0,0.02140631675720215
14400.0,0.02066793441772461
14416.0,0.02062695026397705
14432.0,0.020722222328186036
14448.0,0.020646047592163087
14464.0,0.02099626064300537
14480.0,0.020635557174682618
14496.0,0.022930455207824708
14512.0,0.021898746490478516
14528.0,0.021103334426879884
14544.0,0.021054816246032716
14560.0,0.021117448806762695
14576.0,0.020621371269226075
14592.0,0.021731138229370117
14608.0,0.02176673412322998
14624.0,0.020605969429016113
14640.0,0.020795869827270507
14656.0,0.021015238761901856
14672.0,0.020598196983337404
14688.0,0.020635247230529785
14704.0,0.020607709884643555
14720.0,0.02106304168701172
14736.0,0.020672321319580078
14752.0,0.022593092918395997
14768.0,0.02147645950317383
14784.0,0.021181917190551756
14800.0,0.02088627815246582
14816.0,0.02133162021636963
14832.0,0.021966719627380372
14848.0,0.021234297752380372
14864.0,0.020648717880249023
14880.0,0.020988821983337402
14896.0,0.021076035499572755
14912.0,0.020649027824401856
14928.0,0.021291136741638184
14944.0,0.02071390151977539
14960.0,0.021237611770629883
14976.0,0.021008944511413573
14992.0,0.021065354347229004
15008.0,0.021512746810913086
15024.0,0.021365666389465333
15040.0,0.020676827430725096
15056.0,0.02782442569732666
15072.0,0.02201685905456543
15088.0,0.021358394622802736
15104.0,0.020842719078063964
15120.0,0.021330380439758302
15136.0,0.021035075187683105
15152.0,0.021023488044738768
15168.0,0.021162533760070802
15184.0,0.020667767524719237
15200.0,0.02107698917388916
15216.0,0.021489739418029785
15232.0,0.021246623992919923
15248.0,0.020694994926452638
15264.0,0.020827436447143556
15280.0,0.020752811431884767
15296.0,0.02093024253845215
15312.0,0.020727324485778808
15328.0,0.02076611518859863
15344.0,0.02065620422363281
15360.0,0.021315503120422363
15376.0,0.021118545532226564
15392.0,0.02068040370941162
15408.0,0.02095947265625
15424.0,0.020647287368774414
15440.0,0.02093074321746826
15456.0,0.020638561248779295
15472.0,0.020640134811401367
15488.0,0.0213346004486084
15504.0,0.02132096290588379
15520.0,0.020659208297729492
15536.0,0.020656752586364745
15552.0,0.02085108757019043
15568.0,0.02065465450286865
15584.0,0.021287989616394044
15600.0,0.021019291877746583
15616.0,0.020869874954223634
15632.0,0.020683836936950684
15648.0,0.021144843101501463
15664.0,0.020630812644958495
15680.0,0.020766258239746094
15696.0,0.020644736289978028
15712.0,0.020673584938049317
15728.0,0.020685315132141113
15744.0,0.021041131019592284
15760.0,0.021294689178466795
15776.0,0.020650792121887206
15792.0,0.021022582054138185
15808.0,0.02083747386932373
15824.0,0.020939898490905762
15840.0,0.020830583572387696
15856.0,0.021473002433776856
15872.0,0.02059788703918457
15888.0,0.021274209022521973
15904.0,0.02093615531921387
15920.0,0.021286559104919434
15936.0,0.020931124687194824
15952.0,0.024889278411865234
15968.0,0.023931074142456054
15984.0,0.02082383632659912
16000.0,0.02110745906829834
16016.0,0.02137913703918457
16032.0,0.02098524570465088
16048.0,0.0214646577835083
16064.0,0.021181392669677734
16080.0,0.020943069458007814
16096.0,0.021056127548217774
16112.0,0.020593714714050294
16128.0,0.020740199089050292
16144.0,0.020629000663757325
16160.0,0.02061610221862793
16176.0,0.020844650268554688
16192.0,0.02130310535430908
16208.0,0.020994162559509276
16224.0,0.021022677421569824
16240.0,0.021028757095336914
16256.0,0.020546722412109374
16272.0,0.021608471870422363
16288.0,0.020566678047180174
16304.0,0.020768046379089355
16320.0,0.020543861389160156
16336.0,0.02058401107788086
16352.0,0.020651865005493163
16368.0,0.020549678802490236
16384.0,0.02043185234069824
