,times
32.0,0.03922669887542725
64.0,0.021343374252319337
96.0,0.015438675880432129
128.0,0.0124159574508667
160.0,0.010807633399963379
192.0,0.009292674064636231
224.0,0.008419513702392578
256.0,0.007835173606872558
288.0,0.00725259780883789
320.0,0.006902766227722168
352.0,0.00654454231262207
384.0,0.0062487125396728516
416.0,0.006068134307861328
448.0,0.00583798885345459
480.0,0.005686712265014648
512.0,0.005489253997802734
544.0,0.00541689395904541
576.0,0.005216431617736816
608.0,0.0050356388092041016
640.0,0.00496213436126709
672.0,0.004874634742736817
704.0,0.004813075065612793
736.0,0.004705405235290528
768.0,0.0046319723129272464
800.0,0.004539990425109863
832.0,0.004488301277160644
864.0,0.004402327537536621
896.0,0.004388737678527832
928.0,0.004297065734863281
960.0,0.004328727722167969
992.0,0.004207396507263183
1024.0,0.004147481918334961
1056.0,0.005449056625366211
1088.0,0.005474352836608886
1120.0,0.00528874397277832
1152.0,0.005312681198120117
1184.0,0.005177879333496093
1216.0,0.005133914947509766
1248.0,0.005164122581481934
1280.0,0.005008912086486817
1312.0,0.004976105690002441
1344.0,0.0049741268157958984
1376.0,0.004808831214904785
1408.0,0.004804444313049316
1440.0,0.004827547073364258
1472.0,0.004816198348999023
1504.0,0.004639196395874024
1536.0,0.004636001586914062
1568.0,0.0046427249908447266
1600.0,0.004634761810302734
1632.0,0.004653286933898926
1664.0,0.004474067687988281
1696.0,0.004490113258361817
1728.0,0.004482913017272949
1760.0,0.00449526309967041
1792.0,0.004470038414001465
1824.0,0.004325318336486817
1856.0,0.004326057434082031
1888.0,0.004367733001708984
1920.0,0.0043391227722167965
1952.0,0.0043294429779052734
1984.0,0.00430305004119873
2016.0,0.004335451126098633
2048.0,0.004166722297668457
2080.0,0.004805421829223633
2112.0,0.004889082908630371
2144.0,0.004898500442504883
2176.0,0.004836583137512207
2208.0,0.00490274429321289
2240.0,0.004897570610046387
2272.0,0.00490260124206543
2304.0,0.00484459400177002
2336.0,0.0048474550247192385
2368.0,0.004712343215942383
2400.0,0.004628729820251465
2432.0,0.004634571075439453
2464.0,0.004641008377075195
2496.0,0.004671573638916016
2528.0,0.004653215408325195
2560.0,0.0045296669006347655
2592.0,0.004620862007141113
2624.0,0.0045261383056640625
2656.0,0.004621481895446778
2688.0,0.0050669431686401365
2720.0,0.004968667030334472
2752.0,0.004451680183410645
2784.0,0.004425668716430664
2816.0,0.00518038272857666
2848.0,0.005239677429199219
2880.0,0.004957890510559082
2912.0,0.004425191879272461
2944.0,0.004465293884277344
2976.0,0.0045092105865478516
3008.0,0.005071854591369629
3040.0,0.004977917671203614
3072.0,0.004243135452270508
3104.0,0.004845356941223145
3136.0,0.004874992370605469
3168.0,0.004994320869445801
3200.0,0.004927968978881836
3232.0,0.004862499237060547
3264.0,0.004778289794921875
3296.0,0.00484154224395752
3328.0,0.004628586769104004
3360.0,0.0046375513076782225
3392.0,0.004706335067749023
3424.0,0.0046203374862670895
3456.0,0.004655122756958008
3488.0,0.004667592048645019
3520.0,0.0046065330505371095
3552.0,0.004643464088439941
3584.0,0.004520988464355469
3616.0,0.0045604705810546875
3648.0,0.004518747329711914
3680.0,0.004570102691650391
3712.0,0.0045757293701171875
3744.0,0.004599165916442871
3776.0,0.004534482955932617
3808.0,0.004588961601257324
3840.0,0.004508829116821289
3872.0,0.004423904418945313
3904.0,0.004411625862121582
3936.0,0.004437375068664551
3968.0,0.004441547393798828
4000.0,0.004451537132263183
4032.0,0.004422783851623535
4064.0,0.004481029510498047
4096.0,0.004404783248901367
4128.0,0.005010724067687988
4160.0,0.0046830415725708004
4192.0,0.004676628112792969
4224.0,0.004701852798461914
4256.0,0.004716300964355468
4288.0,0.004709935188293457
4320.0,0.0047168731689453125
4352.0,0.0046828269958496095
4384.0,0.0047313451766967775
4416.0,0.0046978950500488285
4448.0,0.0046174049377441405
4480.0,0.0049727439880371095
4512.0,0.004710674285888672
4544.0,0.0046642541885375975
4576.0,0.004579067230224609
4608.0,0.00460667610168457
4640.0,0.004602241516113281
4672.0,0.004600620269775391
4704.0,0.0046051740646362305
4736.0,0.004586935043334961
4768.0,0.004615640640258789
4800.0,0.004488587379455566
4832.0,0.004493594169616699
4864.0,0.004478049278259277
4896.0,0.00449984073638916
4928.0,0.004482460021972656
4960.0,0.0044831991195678714
4992.0,0.004494667053222656
5024.0,0.004489898681640625
5056.0,0.004512262344360351
5088.0,0.004490852355957031
5120.0,0.004415130615234375
5152.0,0.004860448837280274
5184.0,0.004840564727783203
5216.0,0.004836559295654297
5248.0,0.004831910133361816
5280.0,0.004813480377197266
5312.0,0.004817390441894531
5344.0,0.004826402664184571
5376.0,0.004817986488342285
5408.0,0.004814910888671875
5440.0,0.004827022552490234
5472.0,0.004705262184143066
5504.0,0.00470280647277832
5536.0,0.004682493209838867
5568.0,0.004677987098693848
5600.0,0.00469050407409668
5632.0,0.0046788215637207035
5664.0,0.004681706428527832
5696.0,0.004689168930053711
5728.0,0.004674935340881347
5760.0,0.004813623428344726
5792.0,0.004756021499633789
5824.0,0.004681015014648437
5856.0,0.004852938652038574
5888.0,0.0056277036666870115
5920.0,0.005637907981872558
5952.0,0.004912972450256348
5984.0,0.005382847785949707
6016.0,0.005153656005859375
6048.0,0.0051914691925048825
6080.0,0.004950761795043945
6112.0,0.00530703067779541
6144.0,0.0049536705017089845
6176.0,0.005385899543762207
6208.0,0.005507612228393554
6240.0,0.005784320831298828
6272.0,0.005869317054748535
6304.0,0.0058535575866699215
6336.0,0.00536043643951416
6368.0,0.005293750762939453
6400.0,0.0051629066467285155
6432.0,0.005099606513977051
6464.0,0.005283451080322266
6496.0,0.0052040815353393555
6528.0,0.005244827270507813
6560.0,0.005299663543701172
6592.0,0.005144262313842773
6624.0,0.005119991302490234
6656.0,0.005138826370239258
6688.0,0.004781246185302734
6720.0,0.004762792587280273
6752.0,0.004756474494934082
6784.0,0.004679751396179199
6816.0,0.004771733283996582
6848.0,0.004783535003662109
6880.0,0.004746866226196289
6912.0,0.0047454357147216795
6944.0,0.0047517061233520504
6976.0,0.0047645092010498045
7008.0,0.004788684844970703
7040.0,0.004768896102905274
7072.0,0.004902052879333496
7104.0,0.004866600036621094
7136.0,0.004778051376342773
7168.0,0.0047493457794189455
7200.0,0.005048060417175293
7232.0,0.005274820327758789
7264.0,0.00517740249633789
7296.0,0.0060863494873046875
7328.0,0.0057876348495483395
7360.0,0.00572361946105957
7392.0,0.005652737617492676
7424.0,0.005926799774169922
7456.0,0.004953360557556153
7488.0,0.0049477100372314455
7520.0,0.0049725532531738285
7552.0,0.00500495433807373
7584.0,0.005058121681213379
7616.0,0.005292296409606934
7648.0,0.004990172386169433
7680.0,0.004884266853332519
7712.0,0.004834914207458496
7744.0,0.004836678504943848
7776.0,0.004892754554748535
7808.0,0.005017852783203125
7840.0,0.004985427856445313
7872.0,0.0049460411071777345
7904.0,0.004909038543701172
7936.0,0.004816126823425293
7968.0,0.004799056053161621
8000.0,0.004819846153259278
8032.0,0.004915809631347657
8064.0,0.004933643341064453
8096.0,0.004915189743041992
8128.0,0.005131268501281738
8160.0,0.004883384704589844
8192.0,0.005033540725708008
8224.0,0.005361199378967285
8256.0,0.0050666570663452145
8288.0,0.005079221725463867
8320.0,0.005016207695007324
8352.0,0.005613207817077637
8384.0,0.005453848838806152
8416.0,0.004971218109130859
8448.0,0.005294251441955567
8480.0,0.005010271072387695
8512.0,0.005124974250793457
8544.0,0.005049657821655273
8576.0,0.004995012283325195
8608.0,0.005020332336425781
8640.0,0.005063652992248535
8672.0,0.005020761489868164
8704.0,0.005238580703735352
8736.0,0.005026865005493164
8768.0,0.004939961433410645
8800.0,0.00490260124206543
8832.0,0.0049834012985229496
8864.0,0.004915046691894531
8896.0,0.004868936538696289
8928.0,0.005384564399719238
8960.0,0.004869842529296875
8992.0,0.004901957511901855
9024.0,0.004924416542053223
9056.0,0.004899144172668457
9088.0,0.004900598526000976
9120.0,0.0049285411834716795
9152.0,0.004885268211364746
9184.0,0.004928040504455567
9216.0,0.004851007461547851
9248.0,0.0051849365234375
9280.0,0.005199456214904785
9312.0,0.005300784111022949
9344.0,0.0056946039199829105
9376.0,0.005196905136108399
9408.0,0.005252194404602051
9440.0,0.005444645881652832
9472.0,0.00538339614868164
9504.0,0.005388140678405762
9536.0,0.0066933870315551754
9568.0,0.006680703163146973
9600.0,0.005998849868774414
9632.0,0.006058096885681152
9664.0,0.005436134338378906
9696.0,0.0054292440414428714
9728.0,0.005676889419555664
9760.0,0.006048250198364258
9792.0,0.00618741512298584
9824.0,0.006082749366760254
9856.0,0.0063149452209472655
9888.0,0.006014728546142578
9920.0,0.006310009956359863
9952.0,0.005971717834472656
9984.0,0.006425595283508301
10016.0,0.005615735054016113
10048.0,0.005483484268188477
10080.0,0.005679869651794433
10112.0,0.00559842586517334
10144.0,0.005730438232421875
10176.0,0.005430030822753906
10208.0,0.00623617172241211
10240.0,0.005629849433898926
10272.0,0.005452346801757812
10304.0,0.0055560111999511715
10336.0,0.005662178993225098
10368.0,0.0059054851531982425
10400.0,0.005643367767333984
10432.0,0.005415105819702148
10464.0,0.0056873798370361325
10496.0,0.00563662052154541
10528.0,0.0064773082733154295
10560.0,0.006155037879943847
10592.0,0.00572197437286377
10624.0,0.005792045593261718
10656.0,0.005998396873474121
10688.0,0.005988407135009766
10720.0,0.005904722213745117
10752.0,0.0058380126953125
10784.0,0.005831623077392578
10816.0,0.006142926216125488
10848.0,0.005596756935119629
10880.0,0.005670380592346191
10912.0,0.005786609649658203
10944.0,0.005802774429321289
10976.0,0.005669426918029785
11008.0,0.005542659759521484
11040.0,0.005857634544372559
11072.0,0.006377363204956054
11104.0,0.006537032127380371
11136.0,0.006831645965576172
11168.0,0.0064808368682861325
11200.0,0.006140327453613282
11232.0,0.006621360778808594
11264.0,0.007003641128540039
11296.0,0.006434798240661621
11328.0,0.006663322448730469
11360.0,0.005952262878417968
11392.0,0.005535316467285156
11424.0,0.005584883689880371
11456.0,0.005701661109924316
11488.0,0.005568599700927735
11520.0,0.0055596351623535155
11552.0,0.0055915117263793945
11584.0,0.005606222152709961
11616.0,0.005636477470397949
11648.0,0.005627107620239258
11680.0,0.005532956123352051
11712.0,0.005272078514099121
11744.0,0.005876612663269043
11776.0,0.00635061264038086
11808.0,0.006555485725402832
11840.0,0.00629875659942627
11872.0,0.006748127937316895
11904.0,0.006259512901306152
11936.0,0.005749344825744629
11968.0,0.005188417434692383
12000.0,0.005147290229797363
12032.0,0.005163717269897461
12064.0,0.005389261245727539
12096.0,0.005187201499938965
12128.0,0.0052364587783813475
12160.0,0.006128644943237305
12192.0,0.00628669261932373
12224.0,0.0064530611038208004
12256.0,0.00624840259552002
12288.0,0.005840492248535156
12320.0,0.005788350105285644
12352.0,0.005819058418273926
12384.0,0.006383514404296875
12416.0,0.006463837623596191
12448.0,0.007141327857971192
12480.0,0.006952452659606934
12512.0,0.007136940956115723
12544.0,0.006906580924987793
12576.0,0.00602109432220459
12608.0,0.00585486888885498
12640.0,0.005846929550170898
12672.0,0.005822825431823731
12704.0,0.005787372589111328
12736.0,0.006067323684692383
12768.0,0.005910038948059082
12800.0,0.005817151069641114
12832.0,0.006977009773254395
12864.0,0.0070975303649902345
12896.0,0.007240819931030274
12928.0,0.006316542625427246
12960.0,0.0061517000198364254
12992.0,0.006067585945129394
13024.0,0.006009674072265625
13056.0,0.006037855148315429
13088.0,0.006136775016784668
13120.0,0.006094121932983398
13152.0,0.006851840019226074
13184.0,0.006907534599304199
13216.0,0.006654882431030273
13248.0,0.00645439624786377
13280.0,0.006079173088073731
13312.0,0.006040596961975097
13344.0,0.005892801284790039
13376.0,0.005947709083557129
13408.0,0.005907797813415527
13440.0,0.005949211120605469
13472.0,0.006501412391662598
13504.0,0.005816960334777832
13536.0,0.005981016159057617
13568.0,0.005812597274780273
13600.0,0.005905818939208984
13632.0,0.006549692153930664
13664.0,0.0059299468994140625
13696.0,0.005948781967163086
13728.0,0.0060661077499389645
13760.0,0.005848360061645508
13792.0,0.005851435661315918
13824.0,0.0058298826217651365
13856.0,0.005826997756958008
13888.0,0.005939579010009766
13920.0,0.006704783439636231
13952.0,0.006804800033569336
13984.0,0.006022524833679199
14016.0,0.0060070276260375975
14048.0,0.006044220924377441
14080.0,0.005865764617919922
14112.0,0.005818319320678711
14144.0,0.005820631980895996
14176.0,0.005789518356323242
14208.0,0.00593719482421875
14240.0,0.006805944442749024
14272.0,0.006102347373962402
14304.0,0.0060719728469848635
14336.0,0.006929159164428711
14368.0,0.006230592727661133
14400.0,0.005939579010009766
14432.0,0.005927681922912598
14464.0,0.0060173988342285155
14496.0,0.0059168338775634766
14528.0,0.005786347389221192
14560.0,0.00589139461517334
14592.0,0.005996847152709961
14624.0,0.005902147293090821
14656.0,0.005900192260742188
14688.0,0.0059051513671875
14720.0,0.005890154838562011
14752.0,0.00594482421875
14784.0,0.0058910131454467775
14816.0,0.005904841423034668
14848.0,0.005885624885559082
14880.0,0.005833768844604492
14912.0,0.0057865619659423825
14944.0,0.005803394317626953
14976.0,0.0058088541030883786
15008.0,0.005786347389221192
15040.0,0.005924057960510254
15072.0,0.0060425281524658205
15104.0,0.005896162986755371
15136.0,0.006399393081665039
15168.0,0.006912779808044433
15200.0,0.00712583065032959
15232.0,0.00708000659942627
15264.0,0.006783485412597656
15296.0,0.007191300392150879
15328.0,0.007169127464294434
15360.0,0.006795668601989746
15392.0,0.006279444694519043
15424.0,0.005792593955993653
15456.0,0.005744624137878418
15488.0,0.005780506134033203
15520.0,0.005772137641906738
15552.0,0.006135463714599609
15584.0,0.006882286071777344
15616.0,0.006795191764831543
15648.0,0.0073762178421020504
15680.0,0.00702059268951416
15712.0,0.0068672895431518555
15744.0,0.00714263916015625
15776.0,0.006810903549194336
15808.0,0.00757753849029541
15840.0,0.007095766067504883
15872.0,0.007140994071960449
15904.0,0.006887912750244141
15936.0,0.006840229034423828
15968.0,0.005932760238647461
16000.0,0.006602191925048828
16032.0,0.007237768173217774
16064.0,0.007455158233642578
16096.0,0.007059812545776367
16128.0,0.007142972946166992
16160.0,0.005821728706359863
16192.0,0.005820608139038086
16224.0,0.005843496322631836
16256.0,0.00581507682800293
16288.0,0.005891108512878418
16320.0,0.007490086555480957
16352.0,0.007836723327636718
16384.0,0.006594324111938476
16416.0,0.006443905830383301
16448.0,0.00724186897277832
16480.0,0.007042455673217774
16512.0,0.005922055244445801
16544.0,0.005661273002624511
16576.0,0.005659794807434082
16608.0,0.005609893798828125
16640.0,0.005647039413452149
16672.0,0.005615448951721192
16704.0,0.005655550956726074
16736.0,0.005653071403503418
16768.0,0.005664181709289551
16800.0,0.006420779228210449
16832.0,0.006630635261535645
16864.0,0.006709051132202148
16896.0,0.006215047836303711
16928.0,0.005666565895080566
16960.0,0.005667543411254883
16992.0,0.005631661415100098
17024.0,0.005613899230957032
17056.0,0.005616974830627441
17088.0,0.005681562423706055
17120.0,0.005692791938781738
17152.0,0.005629944801330567
17184.0,0.005637502670288086
17216.0,0.005621099472045898
17248.0,0.005685925483703613
17280.0,0.005628538131713867
17312.0,0.005668234825134277
17344.0,0.005653095245361328
17376.0,0.005634832382202149
17408.0,0.005663490295410157
17440.0,0.005663275718688965
17472.0,0.005680227279663086
17504.0,0.005668354034423828
17536.0,0.005657076835632324
17568.0,0.005714774131774902
17600.0,0.005663347244262695
17632.0,0.005687689781188965
17664.0,0.005671977996826172
17696.0,0.005644893646240235
17728.0,0.005645298957824707
17760.0,0.005641961097717285
17792.0,0.005630660057067871
17824.0,0.005633163452148438
17856.0,0.005643224716186524
17888.0,0.005661797523498535
17920.0,0.0056293725967407225
17952.0,0.005635762214660644
17984.0,0.005660700798034668
18016.0,0.005652976036071777
18048.0,0.00568234920501709
18080.0,0.005683445930480957
18112.0,0.005672168731689453
18144.0,0.005684590339660645
18176.0,0.005640935897827148
18208.0,0.005646014213562011
18240.0,0.005658888816833496
18272.0,0.0056418895721435545
18304.0,0.005672955513000488
18336.0,0.005671572685241699
18368.0,0.0056905984878540036
18400.0,0.005676913261413574
18432.0,0.005674123764038086
18464.0,0.007292413711547851
18496.0,0.007288837432861328
18528.0,0.007297396659851074
18560.0,0.007306218147277832
18592.0,0.007312250137329101
18624.0,0.007300186157226563
18656.0,0.007289218902587891
18688.0,0.007282662391662598
18720.0,0.007301425933837891
18752.0,0.007284641265869141
18784.0,0.0072974681854248045
18816.0,0.007294964790344238
18848.0,0.007360506057739258
18880.0,0.007301783561706543
18912.0,0.007297325134277344
18944.0,0.007296252250671387
18976.0,0.007273340225219726
19008.0,0.007298326492309571
19040.0,0.007285976409912109
19072.0,0.00730435848236084
19104.0,0.007296156883239746
19136.0,0.0073042154312133786
19168.0,0.007291483879089356
19200.0,0.007332992553710937
19232.0,0.007297348976135254
19264.0,0.007294559478759765
19296.0,0.0072944402694702145
19328.0,0.00728754997253418
19360.0,0.007318353652954102
19392.0,0.007301211357116699
19424.0,0.007328057289123535
19456.0,0.00729827880859375
19488.0,0.007298421859741211
19520.0,0.007300686836242676
19552.0,0.007291722297668457
19584.0,0.007299017906188965
19616.0,0.0072812318801879885
19648.0,0.007318043708801269
19680.0,0.007300662994384766
19712.0,0.0073069572448730465
19744.0,0.00729982852935791
19776.0,0.007277345657348633
19808.0,0.007302784919738769
19840.0,0.0073022603988647464
19872.0,0.007305812835693359
19904.0,0.0072857379913330075
19936.0,0.007303476333618164
19968.0,0.007302665710449218
20000.0,0.0073012828826904295
20032.0,0.007311892509460449
20064.0,0.007274532318115234
20096.0,0.007325387001037598
20128.0,0.0073108673095703125
20160.0,0.007296276092529297
20192.0,0.007283616065979004
20224.0,0.007278060913085938
20256.0,0.007319164276123047
20288.0,0.007309436798095703
20320.0,0.0072793722152709964
20352.0,0.007288718223571777
20384.0,0.007303690910339356
20416.0,0.00730283260345459
20448.0,0.007304334640502929
20480.0,0.007269454002380371
20512.0,0.0072820186614990234
20544.0,0.007297134399414063
20576.0,0.007311296463012695
20608.0,0.007282280921936035
20640.0,0.007281732559204101
20672.0,0.007281303405761719
20704.0,0.007320380210876465
20736.0,0.007305645942687988
20768.0,0.007277727127075195
20800.0,0.007276344299316406
20832.0,0.007309055328369141
20864.0,0.007300186157226563
20896.0,0.007283210754394531
20928.0,0.00727996826171875
20960.0,0.007277345657348633
20992.0,0.00729372501373291
21024.0,0.007311415672302246
21056.0,0.0072784423828125
21088.0,0.007278609275817871
21120.0,0.00729665756225586
21152.0,0.007317590713500977
21184.0,0.007278323173522949
21216.0,0.007274079322814942
21248.0,0.007269167900085449
21280.0,0.007310104370117187
21312.0,0.007285881042480469
21344.0,0.0072784423828125
21376.0,0.007261085510253906
21408.0,0.007264637947082519
21440.0,0.00727391242980957
21472.0,0.00727531909942627
21504.0,0.007284998893737793
21536.0,0.007271242141723633
21568.0,0.007282614707946777
21600.0,0.007290983200073242
21632.0,0.007310986518859863
21664.0,0.007642769813537597
21696.0,0.007620596885681152
21728.0,0.007290530204772949
21760.0,0.007309937477111816
21792.0,0.007305026054382324
21824.0,0.007302689552307129
21856.0,0.0072628498077392575
21888.0,0.007279348373413086
21920.0,0.007280158996582031
21952.0,0.007291531562805176
21984.0,0.007311797142028809
22016.0,0.007280540466308594
22048.0,0.007275772094726562
22080.0,0.007267308235168457
22112.0,0.007285165786743164
22144.0,0.007267093658447266
22176.0,0.007286930084228515
22208.0,0.007282900810241699
22240.0,0.007284140586853028
22272.0,0.0072667598724365234
22304.0,0.007289767265319824
22336.0,0.00728154182434082
22368.0,0.0072766304016113285
22400.0,0.007266616821289063
22432.0,0.007273745536804199
22464.0,0.007294154167175293
22496.0,0.007335948944091797
22528.0,0.007291340827941894
22560.0,0.007274460792541504
22592.0,0.007269549369812012
22624.0,0.007296466827392578
22656.0,0.007271528244018555
22688.0,0.0072635173797607425
22720.0,0.007267475128173828
22752.0,0.0072635173797607425
22784.0,0.007278609275817871
22816.0,0.007263612747192383
22848.0,0.0072833776473999025
22880.0,0.007272195816040039
22912.0,0.0072622537612915036
22944.0,0.007283449172973633
22976.0,0.007263302803039551
23008.0,0.007294940948486328
23040.0,0.007271909713745117
23072.0,0.007261109352111816
23104.0,0.007249975204467773
23136.0,0.0072915077209472655
23168.0,0.0072579622268676754
23200.0,0.0072753667831420895
23232.0,0.007279253005981446
23264.0,0.007282710075378418
23296.0,0.0072755575180053714
23328.0,0.0072575569152832035
23360.0,0.007246088981628418
23392.0,0.007260537147521973
23424.0,0.007256889343261718
23456.0,0.00726165771484375
23488.0,0.007265615463256836
23520.0,0.0072732210159301754
23552.0,0.007283258438110352
23584.0,0.007260417938232422
23616.0,0.007266497611999512
23648.0,0.007250785827636719
23680.0,0.00725400447845459
23712.0,0.007256269454956055
23744.0,0.007261753082275391
23776.0,0.007263636589050293
23808.0,0.007268667221069336
23840.0,0.007245945930480957
23872.0,0.007259106636047364
23904.0,0.007276701927185059
23936.0,0.0072520732879638675
23968.0,0.007260417938232422
24000.0,0.007281446456909179
24032.0,0.007275867462158203
24064.0,0.007279205322265625
24096.0,0.007273960113525391
24128.0,0.007275223731994629
24160.0,0.007264566421508789
24192.0,0.007253575325012207
24224.0,0.007246208190917969
24256.0,0.007267570495605469
24288.0,0.007265281677246094
24320.0,0.007262015342712402
24352.0,0.007262539863586426
24384.0,0.007251429557800293
24416.0,0.007253789901733398
24448.0,0.0072639226913452145
24480.0,0.0072569608688354496
24512.0,0.007285618782043457
24544.0,0.007260966300964356
24576.0,0.007252240180969238
24608.0,0.00734407901763916
24640.0,0.007340478897094727
24672.0,0.00732879638671875
24704.0,0.007326459884643555
24736.0,0.007355618476867676
24768.0,0.007341170310974121
24800.0,0.007341408729553222
24832.0,0.007319092750549316
24864.0,0.007328391075134277
24896.0,0.007353591918945313
24928.0,0.007355046272277832
24960.0,0.007341456413269043
24992.0,0.007310795783996582
25024.0,0.007335233688354492
25056.0,0.007332491874694824
25088.0,0.007346844673156739
25120.0,0.0073308229446411135
25152.0,0.0073177099227905275
25184.0,0.007368636131286621
25216.0,0.0073498010635375975
25248.0,0.007337832450866699
25280.0,0.007334208488464356
25312.0,0.007323694229125976
25344.0,0.007320427894592285
25376.0,0.007325363159179687
25408.0,0.00734717845916748
25440.0,0.007341623306274414
25472.0,0.007319092750549316
25504.0,0.007331204414367676
25536.0,0.007328987121582031
25568.0,0.007327151298522949
25600.0,0.00733644962310791
25632.0,0.007416629791259765
25664.0,0.007392430305480957
25696.0,0.007415223121643067
25728.0,0.007398223876953125
25760.0,0.007363152503967285
25792.0,0.007368803024291992
25824.0,0.007386612892150879
25856.0,0.007385110855102539
25888.0,0.007366633415222168
25920.0,0.00739593505859375
25952.0,0.007378220558166504
25984.0,0.007384610176086426
26016.0,0.007390308380126953
26048.0,0.007364416122436523
26080.0,0.007387328147888184
26112.0,0.007381129264831543
26144.0,0.007388854026794433
26176.0,0.007381868362426758
26208.0,0.007373666763305664
26240.0,0.007371139526367187
26272.0,0.007391023635864258
26304.0,0.007393097877502442
26336.0,0.007398080825805664
26368.0,0.007391285896301269
26400.0,0.007358098030090332
26432.0,0.007388114929199219
26464.0,0.007377505302429199
26496.0,0.007367563247680664
26528.0,0.0073841333389282225
26560.0,0.0073870658874511715
26592.0,0.007375192642211914
26624.0,0.007400369644165039
26656.0,0.007349681854248047
26688.0,0.0073527336120605465
26720.0,0.0073728799819946286
26752.0,0.0073386430740356445
26784.0,0.007367229461669922
26816.0,0.007355141639709473
26848.0,0.007328200340270996
26880.0,0.007359886169433593
26912.0,0.007359004020690918
26944.0,0.00734553337097168
26976.0,0.007337689399719238
27008.0,0.007358813285827636
27040.0,0.0073575258255004885
27072.0,0.007358288764953614
27104.0,0.007364487648010254
27136.0,0.007354998588562011
27168.0,0.00734100341796875
27200.0,0.007355618476867676
27232.0,0.007357168197631836
27264.0,0.007355403900146484
27296.0,0.0073527336120605465
27328.0,0.007370114326477051
27360.0,0.007357740402221679
27392.0,0.007345890998840332
27424.0,0.007355356216430664
27456.0,0.007332921028137207
27488.0,0.007346057891845703
27520.0,0.00739445686340332
27552.0,0.007369017601013184
27584.0,0.007363343238830566
27616.0,0.007359170913696289
27648.0,0.0073544025421142575
27680.0,0.007315135002136231
27712.0,0.007320046424865723
27744.0,0.007331657409667969
27776.0,0.007305693626403808
27808.0,0.0073462724685668945
27840.0,0.007359194755554199
27872.0,0.007321548461914062
27904.0,0.007323336601257324
27936.0,0.007314014434814453
27968.0,0.007321453094482422
28000.0,0.007346487045288086
28032.0,0.007341217994689941
28064.0,0.007319140434265137
28096.0,0.007321596145629883
28128.0,0.007337021827697754
28160.0,0.007325434684753418
28192.0,0.007331418991088867
28224.0,0.007316780090332031
28256.0,0.007350254058837891
28288.0,0.007349658012390137
28320.0,0.007334566116333008
28352.0,0.0073316097259521484
28384.0,0.007326364517211914
28416.0,0.007332134246826172
28448.0,0.007318520545959472
28480.0,0.0073418855667114254
28512.0,0.007321000099182129
28544.0,0.007330417633056641
28576.0,0.007318687438964844
28608.0,0.007344794273376465
28640.0,0.007319045066833496
28672.0,0.00731968879699707
28704.0,0.0074424266815185545
28736.0,0.007457756996154785
28768.0,0.007459664344787597
28800.0,0.007465791702270508
28832.0,0.007420825958251953
28864.0,0.007446742057800293
28896.0,0.007462882995605468
28928.0,0.007445311546325684
28960.0,0.007447934150695801
28992.0,0.007436585426330566
29024.0,0.007436156272888184
29056.0,0.007472634315490723
29088.0,0.0074517250061035155
29120.0,0.007452082633972168
29152.0,0.007434272766113281
29184.0,0.007438278198242188
29216.0,0.007456684112548828
29248.0,0.00744476318359375
29280.0,0.007472324371337891
29312.0,0.007441043853759766
29344.0,0.007467865943908691
29376.0,0.007459235191345215
29408.0,0.007478880882263184
29440.0,0.007459688186645508
29472.0,0.00745081901550293
29504.0,0.007430768013000489
29536.0,0.007440972328186035
29568.0,0.007455992698669434
29600.0,0.0074637413024902345
29632.0,0.007452654838562012
29664.0,0.00745244026184082
29696.0,0.0074880123138427734
29728.0,0.007527685165405274
29760.0,0.007511329650878906
29792.0,0.007500600814819336
29824.0,0.0075008153915405275
29856.0,0.007507467269897461
29888.0,0.0075180292129516605
29920.0,0.007536482810974121
29952.0,0.007509446144104004
29984.0,0.007482314109802246
30016.0,0.007505655288696289
30048.0,0.007509469985961914
30080.0,0.007528829574584961
30112.0,0.007517480850219726
30144.0,0.0075109004974365234
30176.0,0.007491278648376465
30208.0,0.007502031326293945
30240.0,0.007502865791320801
30272.0,0.007511258125305176
30304.0,0.007522034645080567
30336.0,0.007512474060058593
30368.0,0.007545685768127442
30400.0,0.007506322860717773
30432.0,0.00749814510345459
30464.0,0.007509589195251465
30496.0,0.007488536834716797
30528.0,0.007513856887817383
30560.0,0.007509374618530273
30592.0,0.007526564598083496
30624.0,0.00749976634979248
30656.0,0.007506680488586426
30688.0,0.007498526573181152
30720.0,0.007504081726074219
30752.0,0.007514810562133789
30784.0,0.007474303245544434
30816.0,0.0074904441833496095
30848.0,0.007485604286193848
30880.0,0.007494187355041504
30912.0,0.007473301887512207
30944.0,0.007477593421936035
30976.0,0.007484650611877442
31008.0,0.007467532157897949
31040.0,0.0075076580047607425
31072.0,0.007479810714721679
31104.0,0.007477664947509765
31136.0,0.007484126091003418
31168.0,0.007488083839416504
31200.0,0.0074718713760375975
31232.0,0.007536149024963379
31264.0,0.007486414909362793
31296.0,0.007493805885314941
31328.0,0.007497096061706543
31360.0,0.007480931282043457
31392.0,0.00750734806060791
31424.0,0.0074733257293701175
31456.0,0.007486867904663086
31488.0,0.00747532844543457
31520.0,0.007500743865966797
31552.0,0.0074702978134155275
31584.0,0.007488727569580078
31616.0,0.007486414909362793
31648.0,0.007472109794616699
31680.0,0.00746152400970459
31712.0,0.007512426376342774
31744.0,0.0074607133865356445
31776.0,0.00744781494140625
31808.0,0.007429194450378418
31840.0,0.007424211502075196
31872.0,0.007434701919555664
31904.0,0.007424116134643555
31936.0,0.0074577808380126955
31968.0,0.007421803474426269
32000.0,0.007435798645019531
32032.0,0.007425975799560547
32064.0,0.007412576675415039
32096.0,0.0074492692947387695
32128.0,0.007436299324035644
32160.0,0.007431650161743164
32192.0,0.007423782348632812
32224.0,0.007426953315734864
32256.0,0.0074299097061157225
32288.0,0.007454276084899902
32320.0,0.00743858814239502
32352.0,0.007437586784362793
32384.0,0.007418513298034668
32416.0,0.007437944412231445
32448.0,0.007428526878356934
32480.0,0.007420229911804199
32512.0,0.0074510335922241214
32544.0,0.007433247566223144
32576.0,0.007455372810363769
32608.0,0.007439088821411133
32640.0,0.0074400663375854496
32672.0,0.007435107231140136
32704.0,0.007441473007202148
32736.0,0.007436943054199219
32768.0,0.007423114776611328
