,times
32.0,0.15171456336975098
64.0,0.0805819034576416
96.0,0.05677886009216308
128.0,0.04485573768615723
160.0,0.03779916763305664
192.0,0.033026266098022464
224.0,0.02964799404144287
256.0,0.02712724208831787
288.0,0.025083017349243165
320.0,0.023538494110107423
352.0,0.02217693328857422
384.0,0.021014475822448732
416.0,0.020070385932922364
448.0,0.0194521427154541
480.0,0.018692517280578615
512.0,0.018059515953063966
544.0,0.017576146125793456
576.0,0.01702723503112793
608.0,0.01671490669250488
640.0,0.01634976863861084
672.0,0.01593160629272461
704.0,0.01572108268737793
736.0,0.015350699424743652
768.0,0.015090584754943848
800.0,0.014857125282287598
832.0,0.014676666259765625
864.0,0.014417171478271484
896.0,0.014280200004577637
928.0,0.014130306243896485
960.0,0.01397702693939209
992.0,0.013860440254211426
1024.0,0.013561344146728516
1056.0,0.01881856918334961
1088.0,0.018506717681884766
1120.0,0.01812741756439209
1152.0,0.017820525169372558
1184.0,0.017455792427062987
1216.0,0.01714761257171631
1248.0,0.017143440246582032
1280.0,0.016816306114196777
1312.0,0.01647489070892334
1344.0,0.016512680053710937
1376.0,0.016150808334350585
1408.0,0.016148948669433595
1440.0,0.015829706192016603
1472.0,0.015822219848632812
1504.0,0.015521669387817382
1536.0,0.015482950210571288
1568.0,0.01516878604888916
1600.0,0.015191102027893066
1632.0,0.015179061889648437
1664.0,0.014843964576721191
1696.0,0.014832639694213867
1728.0,0.014557361602783203
1760.0,0.014513731002807617
1792.0,0.014541363716125489
1824.0,0.014314365386962891
1856.0,0.01417529582977295
1888.0,0.014202094078063965
1920.0,0.014194917678833009
1952.0,0.013887643814086914
1984.0,0.013869500160217286
2016.0,0.013943123817443847
2048.0,0.013540935516357423
2080.0,0.016104745864868163
2112.0,0.01617577075958252
2144.0,0.01596505641937256
2176.0,0.015960168838500977
2208.0,0.015721917152404785
2240.0,0.015630412101745605
2272.0,0.015477156639099121
2304.0,0.015520906448364258
2336.0,0.015471911430358887
2368.0,0.015155601501464843
2400.0,0.015194320678710937
2432.0,0.01512763500213623
2464.0,0.014973020553588868
2496.0,0.015026044845581055
2528.0,0.014821410179138184
2560.0,0.014652085304260255
2592.0,0.014713668823242187
2624.0,0.014654850959777832
2656.0,0.014499258995056153
2688.0,0.014552903175354005
2720.0,0.014494895935058594
2752.0,0.014330244064331055
2784.0,0.014343023300170898
2816.0,0.01416916847229004
2848.0,0.014155840873718262
2880.0,0.014152836799621583
2912.0,0.014050149917602539
2944.0,0.013993978500366211
2976.0,0.014015531539916993
3008.0,0.01385948657989502
3040.0,0.013817572593688964
3072.0,0.013669967651367188
3104.0,0.015549397468566895
3136.0,0.015451478958129882
3168.0,0.015462517738342285
3200.0,0.015329480171203613
3232.0,0.01528615951538086
3264.0,0.015300917625427245
3296.0,0.015152478218078613
3328.0,0.014970874786376953
3360.0,0.014974856376647949
3392.0,0.014993119239807128
3424.0,0.014810609817504882
3456.0,0.01479325294494629
3488.0,0.014806485176086426
3520.0,0.014790964126586915
3552.0,0.014646315574645996
3584.0,0.01463010311126709
3616.0,0.014624309539794923
3648.0,0.014455556869506836
3680.0,0.014458894729614258
3712.0,0.014394402503967285
3744.0,0.014320921897888184
3776.0,0.014313220977783203
3808.0,0.014381027221679688
3840.0,0.014142179489135742
3872.0,0.014163875579833984
3904.0,0.014278626441955567
3936.0,0.014136147499084473
3968.0,0.013993215560913087
4000.0,0.014024877548217773
4032.0,0.013954734802246094
4064.0,0.013977527618408203
4096.0,0.013803458213806153
4128.0,0.015153789520263672
4160.0,0.015140056610107422
4192.0,0.01516873836517334
4224.0,0.0151641845703125
4256.0,0.014993524551391602
4288.0,0.01499502658843994
4320.0,0.015070080757141113
4352.0,0.014987754821777343
4384.0,0.015001821517944335
4416.0,0.014920258522033691
4448.0,0.014833474159240722
4480.0,0.014845037460327148
4512.0,0.014934253692626954
4544.0,0.014675569534301759
4576.0,0.014639854431152344
4608.0,0.014743542671203614
4640.0,0.01467752456665039
4672.0,0.014644622802734375
4704.0,0.014584231376647949
4736.0,0.014504647254943848
4768.0,0.014524126052856445
4800.0,0.014361572265625
4832.0,0.014339518547058106
4864.0,0.014335155487060547
4896.0,0.014364027976989746
4928.0,0.014344429969787598
4960.0,0.014182543754577637
4992.0,0.014187431335449219
5024.0,0.014179730415344238
5056.0,0.014162230491638183
5088.0,0.014175319671630859
5120.0,0.01406862735748291
5152.0,0.015165877342224122
5184.0,0.01515355110168457
5216.0,0.015189433097839355
5248.0,0.015171265602111817
5280.0,0.015134382247924804
5312.0,0.015284037590026856
5344.0,0.015140366554260255
5376.0,0.01515507698059082
5408.0,0.015241909027099609
5440.0,0.015148615837097168
5472.0,0.014832234382629395
5504.0,0.01491706371307373
5536.0,0.014860844612121582
5568.0,0.01484682559967041
5600.0,0.014872407913208008
5632.0,0.014842844009399414
5664.0,0.014869451522827148
5696.0,0.014869332313537598
5728.0,0.014863801002502442
5760.0,0.014525794982910156
5792.0,0.014586758613586426
5824.0,0.014497637748718262
5856.0,0.014502358436584473
5888.0,0.014506864547729491
5920.0,0.014504790306091309
5952.0,0.01451113224029541
5984.0,0.014509296417236328
6016.0,0.014565634727478027
6048.0,0.014505505561828613
6080.0,0.01450331211090088
6112.0,0.014539813995361328
6144.0,0.01415095329284668
6176.0,0.015160894393920899
6208.0,0.01527576446533203
6240.0,0.015141844749450684
6272.0,0.015183615684509277
6304.0,0.015230631828308106
6336.0,0.015158367156982423
6368.0,0.015014958381652833
6400.0,0.015045642852783203
6432.0,0.015011334419250488
6464.0,0.015016436576843262
6496.0,0.01512908935546875
6528.0,0.015007758140563964
6560.0,0.01486825942993164
6592.0,0.0149505615234375
6624.0,0.014862990379333496
6656.0,0.01468191146850586
6688.0,0.014771485328674316
6720.0,0.014677977561950684
6752.0,0.014681124687194824
6784.0,0.01469559669494629
6816.0,0.01466357707977295
6848.0,0.014682388305664063
6880.0,0.014701247215270996
6912.0,0.014502811431884765
6944.0,0.014503979682922363
6976.0,0.014509892463684082
7008.0,0.014604759216308594
7040.0,0.014497900009155273
7072.0,0.014512729644775391
7104.0,0.014539217948913575
7136.0,0.014500570297241212
7168.0,0.014327764511108398
7200.0,0.01519465446472168
7232.0,0.015189838409423829
7264.0,0.015179657936096191
7296.0,0.015195798873901368
7328.0,0.015186834335327148
7360.0,0.015194177627563477
7392.0,0.015297842025756837
7424.0,0.01504213809967041
7456.0,0.015048551559448241
7488.0,0.015079236030578614
7520.0,0.015037178993225098
7552.0,0.015048336982727051
7584.0,0.015172505378723144
7616.0,0.015044188499450684
7648.0,0.015032601356506348
7680.0,0.014927864074707031
7712.0,0.014888525009155273
7744.0,0.014903402328491211
7776.0,0.014947891235351562
7808.0,0.014878249168395996
7840.0,0.014903783798217773
7872.0,0.014943981170654297
7904.0,0.01487891674041748
7936.0,0.014737248420715332
7968.0,0.014798951148986817
8000.0,0.014742016792297363
8032.0,0.014733576774597168
8064.0,0.01476445198059082
8096.0,0.014728021621704102
8128.0,0.014735078811645508
8160.0,0.014730501174926757
8192.0,0.014561772346496582
8224.0,0.015158748626708985
8256.0,0.015182209014892579
8288.0,0.015192079544067382
8320.0,0.015153336524963378
8352.0,0.01515789031982422
8384.0,0.015242171287536622
8416.0,0.015147829055786132
8448.0,0.015160274505615235
8480.0,0.015220355987548829
8512.0,0.015185666084289551
8544.0,0.015008044242858887
8576.0,0.015050148963928223
8608.0,0.01499953269958496
8640.0,0.015009403228759766
8672.0,0.015127086639404297
8704.0,0.014997553825378419
8736.0,0.015007495880126953
8768.0,0.015324282646179199
8800.0,0.01675071716308594
8832.0,0.019137811660766602
8864.0,0.01600630283355713
8896.0,0.01977691650390625
8928.0,0.01641104221343994
8960.0,0.014969778060913087
8992.0,0.014957237243652343
9024.0,0.015212202072143554
9056.0,0.01502525806427002
9088.0,0.01487112045288086
9120.0,0.015136051177978515
9152.0,0.014918684959411621
9184.0,0.014881539344787597
9216.0,0.01489088535308838
9248.0,0.015763449668884277
9280.0,0.01576707363128662
9312.0,0.01588015556335449
9344.0,0.015878462791442872
9376.0,0.0158510684967041
9408.0,0.016406702995300292
9440.0,0.015739750862121583
9472.0,0.01596212387084961
9504.0,0.016130733489990234
9536.0,0.0157167911529541
9568.0,0.01775658130645752
9600.0,0.015828919410705567
9632.0,0.015493631362915039
9664.0,0.015467095375061034
9696.0,0.01602184772491455
9728.0,0.015401959419250488
9760.0,0.015612030029296875
9792.0,0.015833520889282228
9824.0,0.015583515167236328
9856.0,0.01627047061920166
9888.0,0.015761971473693848
9920.0,0.015390372276306153
9952.0,0.01636471748352051
9984.0,0.016788363456726074
10016.0,0.015368938446044922
10048.0,0.015434050559997558
10080.0,0.01536562442779541
10112.0,0.015390682220458984
10144.0,0.015502500534057616
10176.0,0.015894508361816405
10208.0,0.016770553588867188
10240.0,0.01568305492401123
10272.0,0.016872382164001463
10304.0,0.015944933891296385
10336.0,0.01812479496002197
10368.0,0.015711355209350585
10400.0,0.016043329238891603
10432.0,0.018688225746154787
10464.0,0.016580653190612794
10496.0,0.01662003993988037
10528.0,0.016414356231689454
10560.0,0.0156965970993042
10592.0,0.015556120872497558
10624.0,0.015635037422180177
10656.0,0.016781258583068847
10688.0,0.01568493843078613
10720.0,0.01612696647644043
10752.0,0.015926527976989745
10784.0,0.01617436408996582
10816.0,0.015818405151367187
10848.0,0.015716934204101564
10880.0,0.015742921829223634
10912.0,0.01631910800933838
10944.0,0.0158022403717041
10976.0,0.016187477111816406
11008.0,0.015476393699645995
11040.0,0.01540062427520752
11072.0,0.015734291076660155
11104.0,0.016614699363708497
11136.0,0.01531987190246582
11168.0,0.015317106246948242
11200.0,0.015321135520935059
11232.0,0.015334844589233398
11264.0,0.015386128425598144
11296.0,0.01597011089324951
11328.0,0.015497040748596192
11360.0,0.015503573417663574
11392.0,0.015748095512390137
11424.0,0.01558856964111328
11456.0,0.01596071720123291
11488.0,0.015584206581115723
11520.0,0.015908646583557128
11552.0,0.015883564949035645
11584.0,0.015721917152404785
11616.0,0.01575503349304199
11648.0,0.015536236763000488
11680.0,0.015793514251708985
11712.0,0.015507221221923828
11744.0,0.01578819751739502
11776.0,0.015341353416442872
11808.0,0.0153533935546875
11840.0,0.015688300132751465
11872.0,0.015517067909240723
11904.0,0.015349483489990235
11936.0,0.01533215045928955
11968.0,0.01566150188446045
12000.0,0.015521407127380371
12032.0,0.01571018695831299
12064.0,0.01553657054901123
12096.0,0.015409755706787109
12128.0,0.015308523178100586
12160.0,0.015336871147155762
12192.0,0.015501713752746582
12224.0,0.01570107936859131
12256.0,0.015605330467224121
12288.0,0.015396213531494141
12320.0,0.01696784496307373
12352.0,0.016985559463500978
12384.0,0.016819238662719727
12416.0,0.0171126127243042
12448.0,0.016770601272583008
12480.0,0.016784358024597167
12512.0,0.016764569282531738
12544.0,0.01665501594543457
12576.0,0.016695952415466307
12608.0,0.01703786849975586
12640.0,0.01685609817504883
12672.0,0.01687624454498291
12704.0,0.016654539108276366
12736.0,0.017189693450927735
12768.0,0.017258429527282716
12800.0,0.017260074615478516
12832.0,0.01725480556488037
12864.0,0.017076754570007326
12896.0,0.01684567928314209
12928.0,0.016565465927124025
12960.0,0.017431044578552247
12992.0,0.016726350784301756
13024.0,0.01653869152069092
13056.0,0.01675410270690918
13088.0,0.016547632217407227
13120.0,0.01653146743774414
13152.0,0.01654098033905029
13184.0,0.016610193252563476
13216.0,0.016564273834228517
13248.0,0.0166837215423584
13280.0,0.01658027172088623
13312.0,0.016417837142944335
13344.0,0.01650528907775879
13376.0,0.01656358242034912
13408.0,0.016425251960754395
13440.0,0.016412997245788576
13472.0,0.016558575630187988
13504.0,0.017155218124389648
13536.0,0.01765282154083252
13568.0,0.01732974052429199
13600.0,0.016758489608764648
13632.0,0.01725311279296875
13664.0,0.017744278907775878
13696.0,0.01666288375854492
13728.0,0.016764092445373534
13760.0,0.018065285682678223
13792.0,0.017135882377624513
13824.0,0.01688685417175293
13856.0,0.016851329803466798
13888.0,0.01678483486175537
13920.0,0.01657214164733887
13952.0,0.018007063865661622
13984.0,0.01703791618347168
14016.0,0.017535877227783204
14048.0,0.018295598030090333
14080.0,0.018307137489318847
14112.0,0.0180023193359375
14144.0,0.018109679222106934
14176.0,0.018772435188293458
14208.0,0.018219256401062013
14240.0,0.019529342651367188
14272.0,0.019325566291809083
14304.0,0.016742467880249023
14336.0,0.017923450469970702
14368.0,0.018339133262634276
14400.0,0.016426348686218263
14432.0,0.01646578311920166
14464.0,0.016605782508850097
14496.0,0.016564011573791504
14528.0,0.016498470306396486
14560.0,0.016525864601135254
14592.0,0.016553211212158202
14624.0,0.0164996862411499
14656.0,0.017246651649475097
14688.0,0.01644620895385742
14720.0,0.016477084159851073
14752.0,0.01645824909210205
14784.0,0.016447997093200682
14816.0,0.0164414644241333
14848.0,0.016298198699951173
14880.0,0.016308403015136717
14912.0,0.0163668155670166
14944.0,0.016310644149780274
14976.0,0.016262388229370116
15008.0,0.016370320320129396
15040.0,0.016297173500061036
15072.0,0.016283416748046876
15104.0,0.016324758529663086
15136.0,0.01628830432891846
15168.0,0.01629345417022705
15200.0,0.01628749370574951
15232.0,0.01631495952606201
15264.0,0.016300058364868163
15296.0,0.01630702018737793
15328.0,0.016271138191223146
15360.0,0.01616778373718262
15392.0,0.016785097122192384
15424.0,0.01662869453430176
15456.0,0.016640520095825194
15488.0,0.0168149471282959
15520.0,0.01660454273223877
15552.0,0.01668229103088379
15584.0,0.016616415977478028
15616.0,0.016624188423156737
15648.0,0.016609334945678712
15680.0,0.01666104793548584
15712.0,0.016643333435058593
15744.0,0.01677813529968262
15776.0,0.016571712493896485
15808.0,0.016617846488952637
15840.0,0.016616225242614746
15872.0,0.016485381126403808
15904.0,0.016466665267944335
15936.0,0.016483283042907713
15968.0,0.016427230834960938
16000.0,0.016422748565673828
16032.0,0.016451430320739747
16064.0,0.01650972366333008
16096.0,0.016513633728027343
16128.0,0.016543889045715333
16160.0,0.016487717628479004
16192.0,0.016493582725524904
16224.0,0.016492819786071776
16256.0,0.01642909049987793
16288.0,0.016450333595275878
16320.0,0.016564035415649415
16352.0,0.016809535026550294
16384.0,0.018918681144714355
16416.0,0.01876678466796875
16448.0,0.017252373695373534
16480.0,0.01669344902038574
16512.0,0.01653473377227783
16544.0,0.016640901565551758
16576.0,0.016556310653686523
16608.0,0.016580080986022948
16640.0,0.016550779342651367
16672.0,0.016532039642333983
16704.0,0.016588973999023437
16736.0,0.01654500961303711
16768.0,0.018911170959472656
16800.0,0.01709425449371338
16832.0,0.016617369651794434
16864.0,0.01656787395477295
16896.0,0.016560459136962892
16928.0,0.01656785011291504
16960.0,0.016541457176208495
16992.0,0.016545939445495605
17024.0,0.016607069969177247
17056.0,0.01819741725921631
17088.0,0.01806647777557373
17120.0,0.016568660736083984
17152.0,0.016524553298950195
17184.0,0.016536426544189454
17216.0,0.016546630859375
17248.0,0.01653473377227783
17280.0,0.016549181938171387
17312.0,0.01652505397796631
17344.0,0.016552305221557616
17376.0,0.01653287410736084
17408.0,0.01643989086151123
17440.0,0.01655561923980713
17472.0,0.016574668884277343
17504.0,0.01738607883453369
17536.0,0.019450664520263672
17568.0,0.01660618782043457
17600.0,0.017200517654418945
17632.0,0.01683475971221924
17664.0,0.016568374633789063
17696.0,0.016568470001220702
17728.0,0.016573262214660645
17760.0,0.016553926467895507
17792.0,0.016564345359802245
17824.0,0.016556286811828615
17856.0,0.016555643081665038
17888.0,0.016546916961669923
17920.0,0.016553187370300294
17952.0,0.0165585994720459
17984.0,0.0165377140045166
18016.0,0.016576313972473146
18048.0,0.01655399799346924
18080.0,0.016560053825378417
18112.0,0.016548848152160643
18144.0,0.016570639610290528
18176.0,0.016554784774780274
18208.0,0.01660184860229492
18240.0,0.01662168502807617
18272.0,0.016550350189208984
18304.0,0.01656296253204346
18336.0,0.016565489768981933
18368.0,0.016566944122314454
18400.0,0.016557598114013673
18432.0,0.016268229484558104
18464.0,0.01972165107727051
18496.0,0.019712066650390624
18528.0,0.019749212265014648
18560.0,0.020615005493164064
18592.0,0.022228455543518065
18624.0,0.022432732582092284
18656.0,0.021843481063842773
18688.0,0.020410823822021484
18720.0,0.021282196044921875
18752.0,0.02188565731048584
18784.0,0.0198136568069458
18816.0,0.019698786735534667
18848.0,0.019746780395507812
18880.0,0.02178053855895996
18912.0,0.020528197288513184
18944.0,0.019695091247558593
18976.0,0.019720840454101562
19008.0,0.019728255271911622
19040.0,0.01972191333770752
19072.0,0.019691848754882814
19104.0,0.01970672607421875
19136.0,0.019710659980773926
19168.0,0.019706082344055176
19200.0,0.019708681106567382
19232.0,0.019715595245361327
19264.0,0.01968827247619629
19296.0,0.01970353126525879
19328.0,0.019711828231811522
19360.0,0.019690966606140135
19392.0,0.01970794200897217
19424.0,0.01970088481903076
19456.0,0.019727444648742674
19488.0,0.019643425941467285
19520.0,0.019637584686279297
19552.0,0.019645023345947265
19584.0,0.019643163681030272
19616.0,0.019649553298950195
19648.0,0.019660162925720214
19680.0,0.019655728340148927
19712.0,0.019654440879821777
19744.0,0.019658231735229494
19776.0,0.019637560844421385
19808.0,0.019670677185058594
19840.0,0.019644403457641603
19872.0,0.019636034965515137
19904.0,0.01965951919555664
19936.0,0.019655227661132812
19968.0,0.019648027420043946
20000.0,0.01964271068572998
20032.0,0.01963968276977539
20064.0,0.019676709175109865
20096.0,0.019661617279052735
20128.0,0.019660115242004395
20160.0,0.019669079780578615
20192.0,0.019652271270751955
20224.0,0.019652938842773436
20256.0,0.019642353057861328
20288.0,0.019647789001464844
20320.0,0.019646406173706055
20352.0,0.019661903381347656
20384.0,0.019644713401794432
20416.0,0.019637107849121094
20448.0,0.019655680656433104
20480.0,0.01913418769836426
20512.0,0.01979539394378662
20544.0,0.019774103164672853
20576.0,0.019773149490356447
20608.0,0.01977825164794922
20640.0,0.01978168487548828
20672.0,0.019803881645202637
20704.0,0.019753909111022948
20736.0,0.019785523414611816
20768.0,0.0197906494140625
20800.0,0.019782876968383788
20832.0,0.019778180122375488
20864.0,0.019761538505554198
20896.0,0.019769120216369628
20928.0,0.01976592540740967
20960.0,0.0197770357131958
20992.0,0.01978449821472168
21024.0,0.019773077964782716
21056.0,0.019787001609802245
21088.0,0.019829750061035156
21120.0,0.01979036331176758
21152.0,0.01977066993713379
21184.0,0.01988041400909424
21216.0,0.022374296188354494
21248.0,0.019786739349365236
21280.0,0.019835352897644043
21312.0,0.021277666091918945
21344.0,0.020948958396911622
21376.0,0.019769835472106933
21408.0,0.019776082038879393
21440.0,0.019832825660705565
21472.0,0.019786143302917482
21504.0,0.019762444496154784
21536.0,0.019783282279968263
21568.0,0.01984851360321045
21600.0,0.019804167747497558
21632.0,0.019763588905334473
21664.0,0.019783973693847656
21696.0,0.019779253005981445
21728.0,0.019794988632202148
21760.0,0.020162081718444823
21792.0,0.02042098045349121
21824.0,0.019791698455810545
21856.0,0.019886326789855958
21888.0,0.019896411895751955
21920.0,0.020549511909484862
21952.0,0.01986546516418457
21984.0,0.019787859916687012
22016.0,0.019765162467956544
22048.0,0.019788122177124022
22080.0,0.019792461395263673
22112.0,0.01977064609527588
22144.0,0.019762063026428224
22176.0,0.019775748252868652
22208.0,0.019750142097473146
22240.0,0.019771528244018555
22272.0,0.019775533676147462
22304.0,0.019768834114074707
22336.0,0.019859862327575684
22368.0,0.019872593879699706
22400.0,0.019811058044433595
22432.0,0.019750356674194336
22464.0,0.01979975700378418
22496.0,0.020009636878967285
22528.0,0.01979970932006836
22560.0,0.01983489990234375
22592.0,0.019795322418212892
22624.0,0.01974918842315674
22656.0,0.019806647300720216
22688.0,0.01984274387359619
22720.0,0.01980006694793701
22752.0,0.019747328758239747
22784.0,0.01975991725921631
22816.0,0.019783425331115722
22848.0,0.0202437162399292
22880.0,0.020163750648498534
22912.0,0.019800376892089844
22944.0,0.01983320713043213
22976.0,0.01986103057861328
23008.0,0.01990985870361328
23040.0,0.019788956642150878
23072.0,0.019762492179870604
23104.0,0.01987583637237549
23136.0,0.019767498970031737
23168.0,0.01976301670074463
23200.0,0.01975417137145996
23232.0,0.01983332633972168
23264.0,0.019766879081726075
23296.0,0.01982691287994385
23328.0,0.0197800874710083
23360.0,0.01978754997253418
23392.0,0.019775891304016115
23424.0,0.01990351676940918
23456.0,0.019780588150024415
23488.0,0.020044946670532228
23520.0,0.02034122943878174
23552.0,0.01974654197692871
23584.0,0.019774031639099122
23616.0,0.019716596603393553
23648.0,0.019734501838684082
23680.0,0.01972036361694336
23712.0,0.01977584362030029
23744.0,0.020681929588317872
23776.0,0.019927048683166505
23808.0,0.02074735164642334
23840.0,0.019736051559448242
23872.0,0.019784951210021974
23904.0,0.01978123188018799
23936.0,0.023140978813171387
23968.0,0.02259683609008789
24000.0,0.02211141586303711
24032.0,0.020659351348876955
24064.0,0.020582962036132812
24096.0,0.02204446792602539
24128.0,0.022224235534667968
24160.0,0.02218308448791504
24192.0,0.01999647617340088
24224.0,0.01968064308166504
24256.0,0.019691205024719237
24288.0,0.019694590568542482
24320.0,0.019705820083618163
24352.0,0.01976752281188965
24384.0,0.019694805145263672
24416.0,0.01974830627441406
24448.0,0.019865751266479492
24480.0,0.022095322608947754
24512.0,0.02243196964263916
24544.0,0.020508384704589842
24576.0,0.01930558681488037
24608.0,0.021536755561828613
24640.0,0.023266005516052245
24672.0,0.0209700345993042
24704.0,0.02004561424255371
24736.0,0.02006382942199707
24768.0,0.020050621032714842
24800.0,0.02007582187652588
24832.0,0.02007603645324707
24864.0,0.020041298866271973
24896.0,0.020063400268554688
24928.0,0.020888638496398926
24960.0,0.022214484214782716
24992.0,0.02006404399871826
25024.0,0.020067238807678224
25056.0,0.02256510257720947
25088.0,0.020633220672607422
25120.0,0.020572209358215333
25152.0,0.020430231094360353
25184.0,0.020048975944519043
25216.0,0.020063352584838868
25248.0,0.020078516006469725
25280.0,0.02003507614135742
25312.0,0.020069074630737305
25344.0,0.0200298547744751
25376.0,0.02004363536834717
25408.0,0.020027685165405273
25440.0,0.020035910606384277
25472.0,0.020052337646484376
25504.0,0.020018815994262695
25536.0,0.020043039321899415
25568.0,0.02002887725830078
25600.0,0.020043230056762694
25632.0,0.020078587532043456
25664.0,0.020093679428100586
25696.0,0.020098090171813965
25728.0,0.020089173316955568
25760.0,0.02007923126220703
25792.0,0.02008178234100342
25824.0,0.020093250274658202
25856.0,0.020104479789733887
25888.0,0.020097517967224122
25920.0,0.020086789131164552
25952.0,0.020322442054748535
25984.0,0.020563793182373048
26016.0,0.02257065773010254
26048.0,0.02200765609741211
26080.0,0.02064509391784668
26112.0,0.02098240852355957
26144.0,0.02012486457824707
26176.0,0.020238780975341798
26208.0,0.0201033353805542
26240.0,0.020120978355407715
26272.0,0.020091819763183593
26304.0,0.020090556144714354
26336.0,0.020128917694091798
26368.0,0.02010805606842041
26400.0,0.020087838172912598
26432.0,0.020096659660339355
26464.0,0.020095300674438477
26496.0,0.02009084224700928
26528.0,0.0201082706451416
26560.0,0.02008998394012451
26592.0,0.020170068740844725
26624.0,0.020159697532653807
26656.0,0.020114803314208986
26688.0,0.020236110687255858
26720.0,0.020120906829833984
26752.0,0.020083308219909668
26784.0,0.020073199272155763
26816.0,0.020067834854125978
26848.0,0.0208493709564209
26880.0,0.022505545616149904
26912.0,0.02006497383117676
26944.0,0.020080208778381348
26976.0,0.020345354080200197
27008.0,0.020139288902282716
27040.0,0.020166230201721192
27072.0,0.02012977600097656
27104.0,0.02015576362609863
27136.0,0.02008688449859619
27168.0,0.020073795318603517
27200.0,0.020059680938720702
27232.0,0.02007443904876709
27264.0,0.020082879066467284
27296.0,0.020061969757080078
27328.0,0.020079660415649413
27360.0,0.020066285133361818
27392.0,0.020062637329101563
27424.0,0.020063948631286622
27456.0,0.020068883895874023
27488.0,0.02005460262298584
27520.0,0.020642709732055665
27552.0,0.02272794246673584
27584.0,0.020708847045898437
27616.0,0.02014768123626709
27648.0,0.02061617374420166
27680.0,0.020554590225219726
27712.0,0.021451830863952637
27744.0,0.022329831123352052
27776.0,0.02147209644317627
27808.0,0.020057821273803712
27840.0,0.02002062797546387
27872.0,0.02004237174987793
27904.0,0.020404934883117676
27936.0,0.02013869285583496
27968.0,0.020055389404296874
28000.0,0.020090699195861816
28032.0,0.02042689323425293
28064.0,0.020107364654541014
28096.0,0.02004246711730957
28128.0,0.020068430900573732
28160.0,0.020061492919921875
28192.0,0.020066094398498536
28224.0,0.02006223201751709
28256.0,0.02044234275817871
28288.0,0.020629358291625977
28320.0,0.02001166343688965
28352.0,0.02051498889923096
28384.0,0.02004079818725586
28416.0,0.020177435874938966
28448.0,0.0200559139251709
28480.0,0.020035815238952637
28512.0,0.020081925392150878
28544.0,0.020044445991516113
28576.0,0.021693658828735352
28608.0,0.02076222896575928
28640.0,0.021767473220825194
28672.0,0.020847797393798828
28704.0,0.021664190292358398
28736.0,0.02091193199157715
28768.0,0.02063729763031006
28800.0,0.021987295150756835
28832.0,0.02065408229827881
28864.0,0.02062067985534668
28896.0,0.02093813419342041
28928.0,0.02101478576660156
28960.0,0.020624923706054687
28992.0,0.022336387634277345
29024.0,0.020794486999511717
29056.0,0.020628905296325682
29088.0,0.020642781257629396
29120.0,0.020614099502563477
29152.0,0.02061748504638672
29184.0,0.02061336040496826
29216.0,0.020639371871948243
29248.0,0.020621299743652344
29280.0,0.020601558685302734
29312.0,0.020725369453430176
29344.0,0.02072772979736328
29376.0,0.02118537425994873
29408.0,0.0234375
29440.0,0.022606420516967773
29472.0,0.02171950340270996
29504.0,0.02140629291534424
29536.0,0.021277499198913575
29568.0,0.020590591430664062
29600.0,0.020684361457824707
29632.0,0.0227095365524292
29664.0,0.023400402069091795
29696.0,0.022915220260620116
29728.0,0.021299910545349122
29760.0,0.023603248596191406
29792.0,0.02067744731903076
29824.0,0.020736503601074218
29856.0,0.0210374116897583
29888.0,0.021318745613098145
29920.0,0.02107260227203369
29952.0,0.02064363956451416
29984.0,0.02068459987640381
30016.0,0.020665788650512697
30048.0,0.020726847648620605
30080.0,0.020647644996643066
30112.0,0.02066819667816162
30144.0,0.020642828941345216
30176.0,0.02065322399139404
30208.0,0.020637035369873047
30240.0,0.020699214935302735
30272.0,0.020654582977294923
30304.0,0.02068145275115967
30336.0,0.020691847801208495
30368.0,0.020655059814453126
30400.0,0.021456575393676756
30432.0,0.023005366325378418
30464.0,0.02064061164855957
30496.0,0.02068765163421631
30528.0,0.020639610290527344
30560.0,0.02065587043762207
30592.0,0.020645999908447267
30624.0,0.020710444450378417
30656.0,0.020656704902648926
30688.0,0.022497725486755372
30720.0,0.021886134147644044
30752.0,0.020644879341125487
30784.0,0.020599174499511718
30816.0,0.020641064643859862
30848.0,0.02070348262786865
30880.0,0.020710039138793945
30912.0,0.02071723937988281
30944.0,0.02060098648071289
30976.0,0.020618629455566407
31008.0,0.020659279823303223
31040.0,0.02060728073120117
31072.0,0.02062501907348633
31104.0,0.0206282377243042
31136.0,0.020615696907043457
31168.0,0.020642185211181642
31200.0,0.020639371871948243
31232.0,0.020592331886291504
31264.0,0.020599174499511718
31296.0,0.020615649223327637
31328.0,0.020586037635803224
31360.0,0.020597171783447266
31392.0,0.020599508285522462
31424.0,0.020588016510009764
31456.0,0.02058725357055664
31488.0,0.020591235160827635
31520.0,0.020621180534362793
31552.0,0.020630526542663574
31584.0,0.02058582305908203
31616.0,0.020800971984863283
31648.0,0.020601940155029298
31680.0,0.02059028148651123
31712.0,0.02061331272125244
31744.0,0.02067394256591797
31776.0,0.020535707473754883
31808.0,0.02055668830871582
31840.0,0.020540857315063478
31872.0,0.020566439628601073
31904.0,0.020529723167419432
31936.0,0.020548462867736816
31968.0,0.020529866218566895
32000.0,0.02053115367889404
32032.0,0.02055656909942627
32064.0,0.02052173614501953
32096.0,0.020522022247314455
32128.0,0.02055089473724365
32160.0,0.0205427885055542
32192.0,0.020566558837890624
32224.0,0.02054762840270996
32256.0,0.02057340145111084
32288.0,0.020531320571899415
32320.0,0.020564699172973634
32352.0,0.020554304122924805
32384.0,0.020551133155822753
32416.0,0.02055351734161377
32448.0,0.02056584358215332
32480.0,0.020569396018981934
32512.0,0.020581769943237304
32544.0,0.02053837776184082
32576.0,0.02054176330566406
32608.0,0.02054171562194824
32640.0,0.0205535888671875
32672.0,0.020538711547851564
32704.0,0.020567941665649413
32736.0,0.020534443855285644
32768.0,0.019228172302246094
