,times
64.0,0.15963661670684814
128.0,0.08716626167297363
192.0,0.0611586332321167
256.0,0.04516751766204834
320.0,0.038014006614685056
384.0,0.033150219917297365
448.0,0.029746103286743163
512.0,0.027416038513183593
576.0,0.02521665096282959
640.0,0.023970556259155274
704.0,0.02233707904815674
768.0,0.02158939838409424
832.0,0.020487332344055177
896.0,0.01951446533203125
960.0,0.018794989585876463
1024.0,0.018129515647888183
1088.0,0.018280911445617675
1152.0,0.017074060440063477
1216.0,0.016744494438171387
1280.0,0.01644759178161621
1344.0,0.016175103187561036
1408.0,0.017514252662658693
1472.0,0.019115519523620606
1536.0,0.017964935302734374
1600.0,0.015526652336120605
1664.0,0.015289855003356934
1728.0,0.017510437965393068
1792.0,0.014517641067504883
1856.0,0.014353442192077636
1920.0,0.014104843139648438
1984.0,0.013996195793151856
2048.0,0.013591527938842773
2112.0,0.019464111328125
2176.0,0.01872546672821045
2240.0,0.018694400787353516
2304.0,0.01849641799926758
2368.0,0.017498040199279787
2432.0,0.017520761489868163
2496.0,0.01721975803375244
2560.0,0.01698591709136963
2624.0,0.01666438579559326
2688.0,0.016462373733520507
2752.0,0.01812272071838379
2816.0,0.017096972465515135
2880.0,0.016934752464294434
2944.0,0.01673431396484375
3008.0,0.015561771392822266
3072.0,0.015539050102233887
3136.0,0.015661907196044923
3200.0,0.015388131141662598
3264.0,0.015172195434570313
3328.0,0.014992523193359374
3392.0,0.015301203727722168
3456.0,0.014504146575927735
3520.0,0.017679834365844728
3584.0,0.014688587188720703
3648.0,0.014551472663879395
3712.0,0.014303946495056152
3776.0,0.014398479461669922
3840.0,0.014319038391113282
3904.0,0.014303469657897949
3968.0,0.01561424732208252
4032.0,0.014535212516784668
4096.0,0.013694453239440917
4160.0,0.01635122299194336
4224.0,0.01713263988494873
4288.0,0.016588330268859863
4352.0,0.016018199920654296
4416.0,0.015668582916259766
4480.0,0.01592564582824707
4544.0,0.015533256530761718
4608.0,0.015549802780151367
4672.0,0.015581226348876953
4736.0,0.015213680267333985
4800.0,0.015171551704406738
4864.0,0.015302467346191406
4928.0,0.015001988410949707
4992.0,0.014995789527893067
5056.0,0.014840316772460938
5120.0,0.01473095417022705
5184.0,0.014718461036682128
5248.0,0.014918780326843262
5312.0,0.01450519561767578
5376.0,0.014524555206298828
5440.0,0.014687371253967286
5504.0,0.014377403259277343
5568.0,0.01439507007598877
5632.0,0.014493346214294434
5696.0,0.014292383193969726
5760.0,0.014482927322387696
5824.0,0.01446206569671631
5888.0,0.014245748519897461
5952.0,0.014019441604614259
6016.0,0.014228582382202148
6080.0,0.01447126865386963
6144.0,0.01683669090270996
6208.0,0.016429209709167482
6272.0,0.01584463119506836
6336.0,0.015481853485107422
6400.0,0.015315508842468262
6464.0,0.015724325180053712
6528.0,0.01531360149383545
6592.0,0.015170073509216309
6656.0,0.015008044242858887
6720.0,0.015205812454223634
6784.0,0.015373611450195312
6848.0,0.018044161796569824
6912.0,0.017554545402526857
6976.0,0.014836454391479492
7040.0,0.014884424209594727
7104.0,0.016805195808410646
7168.0,0.017061376571655275
7232.0,0.01485738754272461
7296.0,0.014486956596374511
7360.0,0.014507484436035157
7424.0,0.014311838150024413
7488.0,0.014330101013183594
7552.0,0.01439661979675293
7616.0,0.01671609878540039
7680.0,0.015131592750549316
7744.0,0.014479875564575195
7808.0,0.0149458646774292
7872.0,0.014205718040466308
7936.0,0.014039301872253418
8000.0,0.01422884464263916
8064.0,0.014495539665222167
8128.0,0.016823387145996092
8192.0,0.014492630958557129
8256.0,0.015361952781677245
8320.0,0.015926027297973634
8384.0,0.015353798866271973
8448.0,0.015215396881103516
8512.0,0.015010786056518555
8576.0,0.015015697479248047
8640.0,0.015014171600341797
8704.0,0.015018534660339356
8768.0,0.015027785301208496
8832.0,0.014856910705566407
8896.0,0.014842820167541505
8960.0,0.014838409423828126
9024.0,0.014904165267944336
9088.0,0.014772391319274903
9152.0,0.014819121360778809
9216.0,0.014824533462524414
9280.0,0.01473236083984375
9344.0,0.014736676216125488
9408.0,0.01656169891357422
9472.0,0.015621709823608398
9536.0,0.015580487251281739
9600.0,0.014767670631408691
9664.0,0.014332246780395509
9728.0,0.01506369113922119
9792.0,0.014464306831359863
9856.0,0.014392256736755371
9920.0,0.01417090892791748
9984.0,0.014598560333251954
10048.0,0.017443132400512696
10112.0,0.014423203468322755
10176.0,0.01473698616027832
10240.0,0.014189791679382325
10304.0,0.01591935157775879
10368.0,0.015272426605224609
10432.0,0.015259480476379395
10496.0,0.01746370792388916
10560.0,0.015807461738586426
10624.0,0.015324282646179199
10688.0,0.015303325653076173
10752.0,0.015879011154174803
10816.0,0.015224599838256836
10880.0,0.015170574188232422
10944.0,0.015221595764160156
11008.0,0.014878010749816895
11072.0,0.014889717102050781
11136.0,0.014976859092712402
11200.0,0.014887118339538574
11264.0,0.014883184432983398
11328.0,0.015015697479248047
11392.0,0.014937043190002441
11456.0,0.014930486679077148
11520.0,0.014700603485107423
11584.0,0.014525485038757325
11648.0,0.014535641670227051
11712.0,0.01457364559173584
11776.0,0.014509987831115723
11840.0,0.014571332931518554
11904.0,0.014596247673034668
11968.0,0.014591073989868164
12032.0,0.014501476287841797
12096.0,0.014576315879821777
12160.0,0.014538836479187012
12224.0,0.014529132843017578
12288.0,0.014542770385742188
12352.0,0.01526327133178711
12416.0,0.015193700790405273
12480.0,0.015873169898986815
12544.0,0.015671586990356444
12608.0,0.015207648277282715
12672.0,0.015336251258850098
12736.0,0.015052509307861329
12800.0,0.015457582473754884
12864.0,0.015425300598144532
12928.0,0.01506977081298828
12992.0,0.015040397644042969
13056.0,0.015124750137329102
13120.0,0.014878106117248536
13184.0,0.014954304695129395
13248.0,0.014846205711364746
13312.0,0.014723634719848633
13376.0,0.014820551872253418
13440.0,0.014731740951538086
13504.0,0.01485602855682373
13568.0,0.014846515655517579
13632.0,0.014733171463012696
13696.0,0.014786720275878906
13760.0,0.014742755889892578
13824.0,0.014517378807067872
13888.0,0.014961314201354981
13952.0,0.014615726470947266
14016.0,0.014558672904968262
14080.0,0.014583826065063477
14144.0,0.014531493186950684
14208.0,0.01489710807800293
14272.0,0.016283369064331053
14336.0,0.016659975051879883
14400.0,0.016595935821533202
14464.0,0.016913747787475585
14528.0,0.01671888828277588
14592.0,0.015421724319458008
14656.0,0.017320013046264647
14720.0,0.016953063011169434
14784.0,0.01591625213623047
14848.0,0.015121650695800782
14912.0,0.015964555740356445
14976.0,0.015276622772216798
15040.0,0.01862480640411377
15104.0,0.015533041954040528
15168.0,0.015378093719482422
15232.0,0.017043256759643556
15296.0,0.01757497787475586
15360.0,0.016713738441467285
15424.0,0.015055465698242187
15488.0,0.015009808540344238
15552.0,0.015193963050842285
15616.0,0.0153228759765625
15680.0,0.015256571769714355
15744.0,0.015274477005004884
15808.0,0.014908099174499511
15872.0,0.014846491813659667
15936.0,0.014784598350524902
16000.0,0.01475071907043457
16064.0,0.015082669258117676
16128.0,0.014791274070739746
16192.0,0.014772939682006835
16256.0,0.014877891540527344
16320.0,0.014840793609619141
16384.0,0.014639472961425782
16448.0,0.015192413330078125
16512.0,0.01527109146118164
16576.0,0.01518418788909912
16640.0,0.015183329582214355
16704.0,0.01520228385925293
16768.0,0.01520676612854004
16832.0,0.015201044082641602
16896.0,0.015210223197937012
16960.0,0.01518561840057373
17024.0,0.015187931060791016
17088.0,0.01504223346710205
17152.0,0.015046811103820801
17216.0,0.015036320686340332
17280.0,0.01537928581237793
17344.0,0.015061259269714355
17408.0,0.015125560760498046
17472.0,0.015139412879943848
17536.0,0.015106415748596192
17600.0,0.015212917327880859
17664.0,0.01512162685394287
17728.0,0.01504814624786377
17792.0,0.015234684944152832
17856.0,0.016980957984924317
17920.0,0.015218400955200195
17984.0,0.014905595779418945
18048.0,0.014973664283752441
18112.0,0.015096020698547364
18176.0,0.015050745010375977
18240.0,0.015181899070739746
18304.0,0.015000247955322265
18368.0,0.014887332916259766
18432.0,0.015111827850341797
18496.0,0.017560720443725586
18560.0,0.016171789169311522
18624.0,0.01615269184112549
18688.0,0.015777325630187987
18752.0,0.015900015830993652
18816.0,0.01611495018005371
18880.0,0.016077184677124025
18944.0,0.015927648544311522
19008.0,0.015942096710205078
19072.0,0.01773650646209717
19136.0,0.016370677947998048
19200.0,0.015421104431152344
19264.0,0.01640429496765137
19328.0,0.01655309200286865
19392.0,0.016497540473937988
19456.0,0.01613645553588867
19520.0,0.016363239288330077
19584.0,0.0159961462020874
19648.0,0.015433359146118163
19712.0,0.01555163860321045
19776.0,0.015486717224121094
19840.0,0.0154296875
19904.0,0.015433812141418457
19968.0,0.015412068367004395
20032.0,0.015425944328308105
20096.0,0.015400362014770509
20160.0,0.015409517288208007
20224.0,0.015402650833129883
20288.0,0.015422487258911132
20352.0,0.015390563011169433
20416.0,0.01540987491607666
20480.0,0.015104365348815919
20544.0,0.01577603816986084
20608.0,0.015813922882080077
20672.0,0.01588442325592041
20736.0,0.01573331356048584
20800.0,0.01569476127624512
20864.0,0.015746307373046876
20928.0,0.017023324966430664
20992.0,0.016391921043395995
21056.0,0.015755176544189453
21120.0,0.0159104585647583
21184.0,0.015617728233337402
21248.0,0.015587782859802246
21312.0,0.015605354309082031
21376.0,0.015603160858154297
21440.0,0.015577602386474609
21504.0,0.015596818923950196
21568.0,0.015559148788452149
21632.0,0.0155731201171875
21696.0,0.01557936668395996
21760.0,0.015586400032043457
21824.0,0.015564346313476562
21888.0,0.015414667129516602
21952.0,0.015378046035766601
22016.0,0.015410470962524413
22080.0,0.01537494659423828
22144.0,0.015376043319702149
22208.0,0.015346860885620118
22272.0,0.015384078025817871
22336.0,0.015388131141662598
22400.0,0.015371036529541016
22464.0,0.015394496917724609
22528.0,0.015224575996398926
22592.0,0.01553962230682373
22656.0,0.015538907051086426
22720.0,0.01554102897644043
22784.0,0.015535306930541993
22848.0,0.015527606010437012
22912.0,0.015573573112487794
22976.0,0.015514302253723144
23040.0,0.01551833152770996
23104.0,0.015595841407775878
23168.0,0.015544581413269042
23232.0,0.015526390075683594
23296.0,0.015503191947937011
23360.0,0.015509557723999024
23424.0,0.015501594543457032
23488.0,0.015508103370666503
23552.0,0.015359902381896972
23616.0,0.015334606170654297
23680.0,0.01534864902496338
23744.0,0.015331435203552245
23808.0,0.015323686599731445
23872.0,0.015324211120605469
23936.0,0.015335607528686523
24000.0,0.015331625938415527
24064.0,0.015335798263549805
24128.0,0.015344929695129395
24192.0,0.015327715873718261
24256.0,0.015351390838623047
24320.0,0.015320539474487305
24384.0,0.015327119827270507
24448.0,0.015348148345947266
24512.0,0.015328168869018555
24576.0,0.015138459205627442
24640.0,0.016661691665649413
24704.0,0.016637277603149415
24768.0,0.016666245460510255
24832.0,0.01663980484008789
24896.0,0.01663820743560791
24960.0,0.016651511192321777
25024.0,0.016657066345214844
25088.0,0.01661834716796875
25152.0,0.016649293899536132
25216.0,0.01664276123046875
25280.0,0.016632676124572754
25344.0,0.01663806438446045
25408.0,0.016641926765441895
25472.0,0.01665210723876953
25536.0,0.016628360748291014
25600.0,0.016554760932922363
25664.0,0.016548657417297365
25728.0,0.01656386852264404
25792.0,0.016545486450195313
25856.0,0.016567921638488768
25920.0,0.016580891609191895
25984.0,0.016548991203308105
26048.0,0.016555380821228028
26112.0,0.01657717227935791
26176.0,0.01654345989227295
26240.0,0.01657524108886719
26304.0,0.016542935371398927
26368.0,0.016532278060913085
26432.0,0.016538095474243165
26496.0,0.01656494140625
26560.0,0.016567039489746093
26624.0,0.016435408592224122
26688.0,0.0164381742477417
26752.0,0.016438221931457518
26816.0,0.01643693447113037
26880.0,0.016440463066101075
26944.0,0.016449737548828124
27008.0,0.01644725799560547
27072.0,0.016440749168395996
27136.0,0.01643710136413574
27200.0,0.016428160667419433
27264.0,0.01643869876861572
27328.0,0.01643216609954834
27392.0,0.01643404960632324
27456.0,0.01644759178161621
27520.0,0.016449379920959472
27584.0,0.016434097290039064
27648.0,0.016435408592224122
27712.0,0.0164186954498291
27776.0,0.01643354892730713
27840.0,0.01642475128173828
27904.0,0.016422200202941894
27968.0,0.016430997848510744
28032.0,0.01643199920654297
28096.0,0.016449666023254393
28160.0,0.016421580314636232
28224.0,0.016434264183044434
28288.0,0.01642563343048096
28352.0,0.01645162105560303
28416.0,0.01644425392150879
28480.0,0.016435861587524414
28544.0,0.016440606117248534
28608.0,0.016436505317687988
28672.0,0.01616644859313965
28736.0,0.01642792224884033
28800.0,0.016431617736816406
28864.0,0.016425395011901857
28928.0,0.016435956954956053
28992.0,0.016447567939758302
29056.0,0.016428661346435548
29120.0,0.016447067260742188
29184.0,0.01644892692565918
29248.0,0.016456747055053712
29312.0,0.016422224044799805
29376.0,0.01645205020904541
29440.0,0.0164395809173584
29504.0,0.016433119773864746
29568.0,0.016444587707519533
29632.0,0.01642742156982422
29696.0,0.016274738311767577
29760.0,0.016282057762145995
29824.0,0.01626877784729004
29888.0,0.016266512870788574
29952.0,0.016263818740844725
30016.0,0.016283082962036132
30080.0,0.01626296043395996
30144.0,0.016259264945983887
30208.0,0.016263866424560548
30272.0,0.016273689270019532
30336.0,0.016268587112426756
30400.0,0.01628532409667969
30464.0,0.016271471977233887
30528.0,0.016274404525756837
30592.0,0.016263127326965332
30656.0,0.016261959075927736
30720.0,0.016159319877624513
30784.0,0.016578412055969237
30848.0,0.01658153533935547
30912.0,0.016576313972473146
30976.0,0.016609740257263184
31040.0,0.01658608913421631
31104.0,0.016630220413208007
31168.0,0.01663229465484619
31232.0,0.016576719284057618
31296.0,0.016630077362060548
31360.0,0.016604685783386232
31424.0,0.01658952236175537
31488.0,0.016609978675842286
31552.0,0.016581392288208006
31616.0,0.016626763343811034
31680.0,0.016608452796936034
31744.0,0.016428756713867187
31808.0,0.01645059585571289
31872.0,0.016473603248596192
31936.0,0.016437005996704102
32000.0,0.016512227058410645
32064.0,0.01645627021789551
32128.0,0.0164661169052124
32192.0,0.01646721363067627
32256.0,0.01643228530883789
32320.0,0.016455459594726562
32384.0,0.016481566429138183
32448.0,0.016510868072509767
32512.0,0.016499710083007813
32576.0,0.016488146781921387
32640.0,0.016475844383239745
32704.0,0.016480255126953124
32768.0,0.01613743305206299
32832.0,0.016561126708984374
32896.0,0.016553235054016114
32960.0,0.016541695594787596
33024.0,0.016562271118164062
33088.0,0.016547751426696778
33152.0,0.016540789604187013
33216.0,0.016542577743530275
33280.0,0.01652543544769287
33344.0,0.016548752784729004
33408.0,0.01655292510986328
33472.0,0.016541361808776855
33536.0,0.016553759574890137
33600.0,0.01654231548309326
33664.0,0.016539239883422853
33728.0,0.01654322147369385
33792.0,0.0165539026260376
33856.0,0.016536879539489745
33920.0,0.016547536849975585
33984.0,0.016539812088012695
34048.0,0.016543316841125488
34112.0,0.01655268669128418
34176.0,0.016552662849426268
34240.0,0.016521191596984862
34304.0,0.016570782661437987
34368.0,0.016548728942871092
34432.0,0.01653428077697754
34496.0,0.016542434692382812
34560.0,0.016550517082214354
34624.0,0.016539525985717774
34688.0,0.016533565521240235
34752.0,0.016546058654785156
34816.0,0.01644289493560791
34880.0,0.016538119316101073
34944.0,0.016582846641540527
35008.0,0.01657602787017822
35072.0,0.01655406951904297
35136.0,0.01655881404876709
35200.0,0.016586446762084962
35264.0,0.016555595397949218
35328.0,0.016592764854431154
35392.0,0.016551661491394042
35456.0,0.016567301750183106
35520.0,0.016571712493896485
35584.0,0.016562223434448242
35648.0,0.01657094955444336
35712.0,0.016566157341003418
35776.0,0.016556453704833985
35840.0,0.01658585071563721
35904.0,0.01656036376953125
35968.0,0.01656680107116699
36032.0,0.016565895080566405
36096.0,0.016544413566589356
36160.0,0.016621923446655272
36224.0,0.016589260101318358
36288.0,0.016550683975219728
36352.0,0.016608881950378417
36416.0,0.016574645042419435
36480.0,0.016588473320007326
36544.0,0.016549110412597656
36608.0,0.016571760177612305
36672.0,0.016570019721984863
36736.0,0.016579961776733397
36800.0,0.01658504009246826
36864.0,0.016269826889038087
36928.0,0.019743061065673827
36992.0,0.01972696781158447
37056.0,0.01974029541015625
37120.0,0.0197188138961792
37184.0,0.01972944736480713
37248.0,0.01973598003387451
37312.0,0.01974959373474121
37376.0,0.019712495803833007
37440.0,0.019745540618896485
37504.0,0.019736576080322265
37568.0,0.019746065139770508
37632.0,0.019738030433654786
37696.0,0.019743728637695312
37760.0,0.019752931594848634
37824.0,0.019721078872680663
37888.0,0.019725465774536134
37952.0,0.019725751876831055
38016.0,0.019964933395385742
38080.0,0.02036252021789551
38144.0,0.019794559478759764
38208.0,0.019721269607543945
38272.0,0.021694087982177736
38336.0,0.020543766021728516
38400.0,0.02030136585235596
38464.0,0.019752001762390135
38528.0,0.019786882400512695
38592.0,0.01976931095123291
38656.0,0.01979489326477051
38720.0,0.01994483470916748
38784.0,0.019735193252563475
38848.0,0.019736623764038085
38912.0,0.019903397560119628
38976.0,0.019691038131713866
39040.0,0.019697403907775878
39104.0,0.0197098970413208
39168.0,0.019680595397949217
39232.0,0.019680547714233398
39296.0,0.01971602439880371
39360.0,0.019684696197509767
39424.0,0.01970975399017334
39488.0,0.019704532623291016
39552.0,0.01975841522216797
39616.0,0.021092534065246582
39680.0,0.020411300659179687
39744.0,0.021637392044067384
39808.0,0.020112442970275878
39872.0,0.020330977439880372
39936.0,0.01964900493621826
40000.0,0.019669413566589355
40064.0,0.019920969009399415
40128.0,0.019663119316101076
40192.0,0.01990978717803955
40256.0,0.019655466079711914
40320.0,0.01964876651763916
40384.0,0.019675421714782714
40448.0,0.019705486297607423
40512.0,0.019676637649536134
40576.0,0.019731426239013673
40640.0,0.0196657657623291
40704.0,0.019762611389160155
40768.0,0.019677138328552245
40832.0,0.019665956497192383
40896.0,0.01969308853149414
40960.0,0.019182658195495604
41024.0,0.01982104778289795
41088.0,0.019808125495910645
41152.0,0.019879484176635744
41216.0,0.019821906089782716
41280.0,0.019809460639953612
41344.0,0.019841456413269044
41408.0,0.019797706604003908
41472.0,0.01986081600189209
41536.0,0.019791245460510254
41600.0,0.01987447738647461
41664.0,0.019814491271972656
41728.0,0.019813013076782227
41792.0,0.019811010360717772
41856.0,0.01981644630432129
41920.0,0.019844436645507814
41984.0,0.019820404052734376
42048.0,0.019885730743408204
42112.0,0.01980724334716797
42176.0,0.019849419593811035
42240.0,0.01978931427001953
42304.0,0.01978747844696045
42368.0,0.01989142894744873
42432.0,0.0197845458984375
42496.0,0.019828081130981445
42560.0,0.01979067325592041
42624.0,0.01985743045806885
42688.0,0.019793105125427247
42752.0,0.01978130340576172
42816.0,0.01986057758331299
42880.0,0.01979954242706299
42944.0,0.01981515884399414
43008.0,0.019777417182922363
43072.0,0.0198566198348999
43136.0,0.019785308837890626
43200.0,0.019768309593200684
43264.0,0.01977808475494385
43328.0,0.019782066345214844
43392.0,0.019817161560058593
43456.0,0.01977858543395996
43520.0,0.019855546951293945
43584.0,0.019771885871887208
43648.0,0.019785857200622557
43712.0,0.019788742065429688
43776.0,0.019774603843688964
43840.0,0.019809842109680176
43904.0,0.019782543182373047
43968.0,0.019814157485961915
44032.0,0.01977717876434326
44096.0,0.01983044147491455
44160.0,0.01978800296783447
44224.0,0.01977860927581787
44288.0,0.0198622465133667
44352.0,0.01977107524871826
44416.0,0.019809961318969727
44480.0,0.01976907253265381
44544.0,0.019937634468078613
44608.0,0.019733119010925292
44672.0,0.019815754890441895
44736.0,0.020484161376953126
44800.0,0.019803977012634276
44864.0,0.019886326789855958
44928.0,0.02025470733642578
44992.0,0.020091319084167482
45056.0,0.020049619674682616
45120.0,0.020041632652282714
45184.0,0.01974911689758301
45248.0,0.020072317123413085
45312.0,0.019723057746887207
45376.0,0.01974320411682129
45440.0,0.02079765796661377
45504.0,0.02271735668182373
45568.0,0.020445704460144043
45632.0,0.0201737642288208
45696.0,0.020249056816101074
45760.0,0.020479559898376465
45824.0,0.019937777519226076
45888.0,0.02142367362976074
45952.0,0.019934201240539552
46016.0,0.019756531715393065
46080.0,0.01979222297668457
46144.0,0.020427441596984862
46208.0,0.02012898921966553
46272.0,0.020354104042053223
46336.0,0.02028048038482666
46400.0,0.020497775077819823
46464.0,0.019976019859313965
46528.0,0.02016458511352539
46592.0,0.01976034641265869
46656.0,0.01975407600402832
46720.0,0.019739603996276854
46784.0,0.01974940299987793
46848.0,0.01974337100982666
46912.0,0.019830775260925294
46976.0,0.01974496841430664
47040.0,0.019734907150268554
47104.0,0.01972508430480957
47168.0,0.01971468925476074
47232.0,0.020043301582336425
47296.0,0.01974644660949707
47360.0,0.020093393325805665
47424.0,0.019715499877929688
47488.0,0.019887447357177734
47552.0,0.019705700874328613
47616.0,0.019977688789367676
47680.0,0.019765543937683105
47744.0,0.019878673553466796
47808.0,0.019711852073669434
47872.0,0.019713830947875977
47936.0,0.019801926612854005
48000.0,0.019777870178222655
48064.0,0.019745373725891115
48128.0,0.01998162269592285
48192.0,0.019709062576293946
48256.0,0.019841957092285156
48320.0,0.01988966464996338
48384.0,0.01970484256744385
48448.0,0.01971457004547119
48512.0,0.020123720169067383
48576.0,0.020212388038635253
48640.0,0.01983299255371094
48704.0,0.01973593235015869
48768.0,0.019713687896728515
48832.0,0.019717478752136232
48896.0,0.019965457916259765
48960.0,0.01983304023742676
49024.0,0.0199260950088501
49088.0,0.019685792922973632
49152.0,0.019325876235961915
49216.0,0.020039844512939452
49280.0,0.020313525199890138
49344.0,0.02101566791534424
49408.0,0.021092867851257323
49472.0,0.020595741271972657
49536.0,0.02332627773284912
49600.0,0.02143521308898926
49664.0,0.020971202850341798
49728.0,0.022034335136413574
49792.0,0.022020506858825683
49856.0,0.02067873477935791
49920.0,0.020524024963378906
49984.0,0.020787262916564943
50048.0,0.021062564849853516
50112.0,0.02049887180328369
50176.0,0.02085831165313721
50240.0,0.020051169395446777
50304.0,0.020134496688842773
50368.0,0.020072054862976075
50432.0,0.02003939151763916
50496.0,0.020035600662231444
50560.0,0.020162224769592285
50624.0,0.020152020454406738
50688.0,0.02007286548614502
50752.0,0.020109128952026368
50816.0,0.02021794319152832
50880.0,0.02039520740509033
50944.0,0.020365691184997557
51008.0,0.02003951072692871
51072.0,0.020203161239624023
51136.0,0.020165491104125976
51200.0,0.02033278942108154
51264.0,0.020113182067871094
51328.0,0.02010660171508789
51392.0,0.020116209983825684
51456.0,0.020125865936279297
51520.0,0.020195412635803222
51584.0,0.020263099670410158
51648.0,0.02010455131530762
51712.0,0.020296335220336914
51776.0,0.020218706130981444
51840.0,0.020310139656066893
51904.0,0.021997761726379395
51968.0,0.021649384498596193
52032.0,0.020664000511169435
52096.0,0.023485994338989256
52160.0,0.02254650592803955
52224.0,0.020569109916687013
52288.0,0.020439505577087402
52352.0,0.020331621170043945
52416.0,0.02015089988708496
52480.0,0.020128512382507326
52544.0,0.02081913948059082
52608.0,0.022295665740966798
52672.0,0.021070408821105956
52736.0,0.02260737419128418
52800.0,0.020714068412780763
52864.0,0.02115476131439209
52928.0,0.02133495807647705
52992.0,0.021924090385437012
53056.0,0.02231626510620117
53120.0,0.021117258071899413
53184.0,0.020404648780822755
53248.0,0.02041633129119873
53312.0,0.02012627124786377
53376.0,0.020238876342773438
53440.0,0.020128893852233886
53504.0,0.021358394622802736
53568.0,0.02015244960784912
53632.0,0.0201387882232666
53696.0,0.020117568969726562
53760.0,0.020135664939880372
53824.0,0.020106244087219238
53888.0,0.02017660140991211
53952.0,0.02012600898742676
54016.0,0.020144128799438478
54080.0,0.02010064125061035
54144.0,0.02012016773223877
54208.0,0.020103812217712402
54272.0,0.02013552188873291
54336.0,0.020178508758544923
54400.0,0.020096492767333985
54464.0,0.0201568603515625
54528.0,0.022649335861206054
54592.0,0.020267629623413087
54656.0,0.023047780990600585
54720.0,0.020943570137023925
54784.0,0.02010347843170166
54848.0,0.020191335678100587
54912.0,0.022230243682861327
54976.0,0.02065722942352295
55040.0,0.020156049728393556
55104.0,0.020158815383911132
55168.0,0.02019214630126953
55232.0,0.020267128944396973
55296.0,0.02014772891998291
55360.0,0.020113420486450196
55424.0,0.020113801956176756
55488.0,0.02019815444946289
55552.0,0.020092153549194337
55616.0,0.020178341865539552
55680.0,0.020199036598205565
55744.0,0.020096945762634277
55808.0,0.021895337104797363
55872.0,0.021241927146911622
55936.0,0.020110678672790528
56000.0,0.020101118087768554
56064.0,0.02005789279937744
56128.0,0.02007880210876465
56192.0,0.02013237476348877
56256.0,0.020127248764038087
56320.0,0.022455430030822753
56384.0,0.02010211944580078
56448.0,0.020144128799438478
56512.0,0.020052599906921386
56576.0,0.020090484619140626
56640.0,0.020101594924926757
56704.0,0.020064187049865723
56768.0,0.020047211647033693
56832.0,0.020128750801086427
56896.0,0.02006220817565918
56960.0,0.020041131973266603
57024.0,0.020037078857421876
57088.0,0.02016603946685791
57152.0,0.020154118537902832
57216.0,0.0200808048248291
57280.0,0.02012295722961426
57344.0,0.019796466827392577
57408.0,0.02060999870300293
57472.0,0.020623087882995605
57536.0,0.020606637001037598
57600.0,0.02062373161315918
57664.0,0.020622444152832032
57728.0,0.02064187526702881
57792.0,0.020648264884948732
57856.0,0.020645809173583985
57920.0,0.02065708637237549
57984.0,0.02068462371826172
58048.0,0.020656847953796388
58112.0,0.02066812515258789
58176.0,0.020678782463073732
58240.0,0.02067725658416748
58304.0,0.020697760581970214
58368.0,0.020671534538269042
58432.0,0.020670700073242187
58496.0,0.020651412010192872
58560.0,0.02075812816619873
58624.0,0.02068636417388916
58688.0,0.020682215690612793
58752.0,0.020979857444763182
58816.0,0.02063608169555664
58880.0,0.020593881607055664
58944.0,0.020929408073425294
59008.0,0.020665454864501952
59072.0,0.02060964107513428
59136.0,0.020608282089233397
59200.0,0.020681142807006836
59264.0,0.020636892318725585
59328.0,0.020649003982543945
59392.0,0.02061622142791748
59456.0,0.02066805362701416
59520.0,0.02068474292755127
59584.0,0.020670413970947266
59648.0,0.020666003227233887
59712.0,0.020670604705810548
59776.0,0.02065424919128418
59840.0,0.020660710334777833
59904.0,0.02065877914428711
59968.0,0.020646047592163087
60032.0,0.02065420150756836
60096.0,0.020657658576965332
60160.0,0.02066316604614258
60224.0,0.020656538009643555
60288.0,0.020663738250732422
60352.0,0.02066359519958496
60416.0,0.020656466484069824
60480.0,0.02066211700439453
60544.0,0.020661211013793944
60608.0,0.02066328525543213
60672.0,0.02069861888885498
60736.0,0.020676898956298827
60800.0,0.02066504955291748
60864.0,0.02067239284515381
60928.0,0.020644378662109376
60992.0,0.020664787292480467
61056.0,0.020659637451171876
61120.0,0.020669150352478027
61184.0,0.020637035369873047
61248.0,0.020651960372924806
61312.0,0.02066171169281006
61376.0,0.020657896995544434
61440.0,0.02065310478210449
61504.0,0.020610713958740236
61568.0,0.020621132850646973
61632.0,0.02065117359161377
61696.0,0.02062208652496338
61760.0,0.020628738403320312
61824.0,0.020640993118286134
61888.0,0.020629048347473145
61952.0,0.021374893188476563
62016.0,0.02061595916748047
62080.0,0.021462893486022948
62144.0,0.02063143253326416
62208.0,0.021598315238952635
62272.0,0.02061452865600586
62336.0,0.020636701583862306
62400.0,0.02063612937927246
62464.0,0.02062857151031494
62528.0,0.020984530448913574
62592.0,0.02328646183013916
62656.0,0.021103405952453615
62720.0,0.02127223014831543
62784.0,0.020885753631591796
62848.0,0.020638704299926758
62912.0,0.020856213569641114
62976.0,0.020603179931640625
63040.0,0.02060546875
63104.0,0.02065000534057617
63168.0,0.020639324188232423
63232.0,0.020633220672607422
63296.0,0.020620250701904298
63360.0,0.020691633224487305
63424.0,0.020636224746704103
63488.0,0.02061593532562256
63552.0,0.020557236671447755
63616.0,0.02053694725036621
63680.0,0.020575475692749024
63744.0,0.020543956756591798
63808.0,0.02066216468811035
63872.0,0.020539355278015137
63936.0,0.020591878890991212
64000.0,0.020537519454956056
64064.0,0.02062091827392578
64128.0,0.020543789863586424
64192.0,0.0205538272857666
64256.0,0.020585513114929198
64320.0,0.020544028282165526
64384.0,0.020586204528808594
64448.0,0.02054469585418701
64512.0,0.020584464073181152
64576.0,0.0205639123916626
64640.0,0.020651888847351075
64704.0,0.020564460754394533
64768.0,0.020589280128479003
64832.0,0.020571184158325196
64896.0,0.020540785789489747
64960.0,0.020580410957336426
65024.0,0.020547032356262207
65088.0,0.020626544952392578
65152.0,0.020566129684448244
65216.0,0.020689964294433594
65280.0,0.0205747127532959
65344.0,0.020645856857299805
65408.0,0.020584797859191893
65472.0,0.020546913146972656
65536.0,0.019184565544128417
